0 1.000000 6.382872 0.035675
1 1.000000 6.382667 0.071294
2 1.000000 6.382463 0.106819
3 1.000000 6.382258 0.142214
4 1.000000 6.382054 0.177443
5 1.000000 6.381850 0.212471
6 1.000000 6.381646 0.247268
7 1.000000 6.381442 0.281804
8 1.000000 6.381239 0.316050
9 1.000000 6.381035 0.349983
10 1.000000 6.380832 0.383580
11 1.000000 6.380629 0.416821
12 1.000000 6.380426 0.449688
13 1.000000 6.380223 0.482166
14 1.000000 6.380021 0.514243
15 1.000000 6.379818 0.545907
16 1.000000 6.379616 0.577149
17 1.000000 6.379413 0.607964
18 1.000000 6.379211 0.638344
19 1.000000 6.379009 0.668288
20 1.000000 6.378808 0.697792
21 1.000000 6.378606 0.726855
22 1.000000 6.378404 0.755479
23 1.000000 6.378203 0.783663
24 1.000000 6.378002 0.811411
25 1.000000 6.377801 0.838724
26 1.000000 6.377600 0.865608
27 1.000000 6.377399 0.892065
28 1.000000 6.377198 0.918101
29 1.000000 6.376998 0.943721
30 1.000000 6.376798 0.968930
31 1.000000 6.376597 0.993735
