0 1.000000 6.305846 0.034315
1 1.000000 6.231305 0.065836
2 1.000000 6.159304 0.094795
3 1.000000 6.089705 0.121410
4 1.000000 6.022378 0.145878
5 1.000000 5.957204 0.168384
6 1.000000 5.894073 0.189092
7 1.000000 5.832881 0.208157
8 1.000000 5.773532 0.225715
9 1.000000 5.715937 0.241894
10 1.000000 5.660012 0.256809
11 1.000000 5.605678 0.270563
12 1.000000 5.552863 0.283252
13 1.000000 5.501497 0.294963
14 1.000000 5.451516 0.305773
15 1.000000 5.402860 0.315754
16 1.000000 5.355471 0.324972
17 1.000000 5.309297 0.333486
18 1.000000 5.264286 0.341350
19 1.000000 5.220391 0.348613
20 1.000000 5.177567 0.355320
21 1.000000 5.135771 0.361513
22 1.000000 5.094963 0.367231
23 1.000000 5.055106 0.372506
24 1.000000 5.016162 0.377372
25 1.000000 4.978099 0.381857
26 1.000000 4.940883 0.385988
27 1.000000 4.904484 0.389790
28 1.000000 4.868872 0.393286
29 1.000000 4.834020 0.396497
30 1.000000 4.799901 0.399441
31 1.000000 4.766490 0.402138
32 1.000000 4.733763 0.404602
33 1.000000 4.701697 0.406851
34 1.000000 4.670270 0.408897
35 1.000000 4.639462 0.410755
36 1.000000 4.609252 0.412435
37 1.000000 4.579622 0.413951
38 1.000000 4.550553 0.415311
39 1.000000 4.522028 0.416526
40 1.000000 4.494030 0.417604
41 1.000000 4.466543 0.418556
42 1.000000 4.439552 0.419387
43 1.000000 4.413042 0.420106
44 1.000000 4.387000 0.420720
45 1.000000 4.361411 0.421234
46 1.000000 4.336263 0.421656
47 1.000000 4.311543 0.421990
48 1.000000 4.287240 0.422242
49 1.000000 4.263341 0.422416
50 1.000000 4.239836 0.422518
51 1.000000 4.216714 0.422552
52 1.000000 4.193965 0.422522
53 1.000000 4.171578 0.422431
54 1.000000 4.149546 0.422283
55 1.000000 4.127857 0.422081
56 1.000000 4.106504 0.421830
57 1.000000 4.085477 0.421530
58 1.000000 4.064769 0.421187
59 1.000000 4.044372 0.420801
60 1.000000 4.024278 0.420376
61 1.000000 4.004480 0.419914
62 1.000000 3.984970 0.419417
63 1.000000 3.965741 0.418887
64 1.000000 3.946788 0.418326
65 1.000000 3.928103 0.417736
66 1.000000 3.909680 0.417118
67 1.000000 3.891513 0.416475
68 1.000000 3.873596 0.415808
69 1.000000 3.855924 0.415119
70 1.000000 3.838491 0.414408
71 1.000000 3.821291 0.413677
72 1.000000 3.804320 0.412927
73 1.000000 3.787573 0.412160
74 1.000000 3.771044 0.411377
75 1.000000 3.754730 0.410578
76 1.000000 3.738624 0.409765
77 1.000000 3.722724 0.408939
78 1.000000 3.707025 0.408100
79 1.000000 3.691522 0.407249
80 1.000000 3.676211 0.406387
81 1.000000 3.661089 0.405516
82 1.000000 3.646152 0.404635
83 1.000000 3.631395 0.403745
84 1.000000 3.616816 0.402848
85 1.000000 3.602411 0.401943
86 1.000000 3.588176 0.401031
87 1.000000 3.574108 0.400113
88 1.000000 3.560204 0.399189
89 1.000000 3.546461 0.398260
90 1.000000 3.532875 0.397326
91 1.000000 3.519444 0.396388
92 1.000000 3.506165 0.395446
93 1.000000 3.493035 0.394501
94 1.000000 3.480051 0.393552
95 1.000000 3.467210 0.392601
