0 1.000000 6.305846 0.034315
1 1.000000 6.231305 0.065836
2 1.000000 6.159304 0.094795
3 1.000000 6.089705 0.121410
4 1.000000 6.022378 0.145878
5 1.000000 5.957204 0.168384
6 1.000000 5.894073 0.189092
7 1.000000 5.832881 0.208157
8 1.000000 5.773532 0.225715
9 1.000000 5.715937 0.241894
10 1.000000 5.660012 0.256809
11 1.000000 5.605678 0.270563
12 1.000000 5.552863 0.283252
13 1.000000 5.501497 0.294963
14 1.000000 5.451516 0.305773
15 1.000000 5.402860 0.315754
16 1.000000 5.355471 0.324972
17 1.000000 5.309297 0.333486
18 1.000000 5.264286 0.341350
19 1.000000 5.220391 0.348613
20 1.000000 5.177567 0.355320
21 1.000000 5.135771 0.361513
22 1.000000 5.094963 0.367231
23 1.000000 5.055106 0.372506
24 1.000000 5.016162 0.377372
25 1.000000 4.978099 0.381857
26 1.000000 4.940883 0.385988
27 1.000000 4.904484 0.389790
28 1.000000 4.868872 0.393286
29 1.000000 4.834020 0.396497
30 1.000000 4.799901 0.399441
31 1.000000 4.766490 0.402138
