0 1.000000 6.383072 0.004501
1 1.000000 6.383067 0.009002
2 1.000000 6.383063 0.013502
3 1.000000 6.383059 0.018002
4 1.000000 6.383054 0.022502
5 1.000000 6.383050 0.027002
6 1.000000 6.383045 0.031500
7 1.000000 6.383041 0.035999
8 1.000000 6.383036 0.040496
9 1.000000 6.383032 0.044993
10 1.000000 6.383027 0.049488
11 1.000000 6.383023 0.053983
12 1.000000 6.383018 0.058477
13 1.000000 6.383014 0.062970
14 1.000000 6.383009 0.067461
15 1.000000 6.383005 0.071951
16 1.000000 6.383000 0.076440
17 1.000000 6.382996 0.080927
18 1.000000 6.382991 0.085413
19 1.000000 6.382987 0.089897
20 1.000000 6.382982 0.094380
21 1.000000 6.382978 0.098861
22 1.000000 6.382973 0.103340
23 1.000000 6.382969 0.107817
24 1.000000 6.382964 0.112292
25 1.000000 6.382960 0.116765
26 1.000000 6.382955 0.121235
27 1.000000 6.382951 0.125704
28 1.000000 6.382946 0.130170
29 1.000000 6.382942 0.134634
30 1.000000 6.382937 0.139096
31 1.000000 6.382933 0.143555
32 1.000000 6.382928 0.148011
33 1.000000 6.382924 0.152465
34 1.000000 6.382919 0.156916
35 1.000000 6.382915 0.161364
36 1.000000 6.382910 0.165809
37 1.000000 6.382906 0.170251
38 1.000000 6.382901 0.174691
39 1.000000 6.382897 0.179127
40 1.000000 6.382892 0.183560
41 1.000000 6.382888 0.187990
42 1.000000 6.382883 0.192416
43 1.000000 6.382879 0.196839
44 1.000000 6.382874 0.201259
45 1.000000 6.382870 0.205675
46 1.000000 6.382865 0.210088
47 1.000000 6.382861 0.214497
48 1.000000 6.382856 0.218902
49 1.000000 6.382852 0.223303
50 1.000000 6.382847 0.227701
51 1.000000 6.382843 0.232095
52 1.000000 6.382838 0.236484
53 1.000000 6.382834 0.240870
54 1.000000 6.382829 0.245252
55 1.000000 6.382825 0.249629
56 1.000000 6.382820 0.254003
57 1.000000 6.382816 0.258372
58 1.000000 6.382811 0.262737
59 1.000000 6.382807 0.267097
60 1.000000 6.382803 0.271453
61 1.000000 6.382798 0.275805
62 1.000000 6.382794 0.280151
63 1.000000 6.382789 0.284494
64 1.000000 6.382785 0.288831
65 1.000000 6.382780 0.293164
66 1.000000 6.382776 0.297493
67 1.000000 6.382771 0.301816
68 1.000000 6.382767 0.306134
69 1.000000 6.382762 0.310448
70 1.000000 6.382758 0.314757
71 1.000000 6.382753 0.319060
72 1.000000 6.382749 0.323359
73 1.000000 6.382744 0.327652
74 1.000000 6.382740 0.331940
75 1.000000 6.382735 0.336224
76 1.000000 6.382731 0.340501
77 1.000000 6.382726 0.344774
78 1.000000 6.382722 0.349041
79 1.000000 6.382717 0.353303
80 1.000000 6.382713 0.357559
81 1.000000 6.382708 0.361810
82 1.000000 6.382704 0.366055
83 1.000000 6.382699 0.370295
84 1.000000 6.382695 0.374529
85 1.000000 6.382690 0.378757
86 1.000000 6.382686 0.382980
87 1.000000 6.382681 0.387197
88 1.000000 6.382677 0.391409
89 1.000000 6.382672 0.395614
90 1.000000 6.382668 0.399814
91 1.000000 6.382663 0.404008
92 1.000000 6.382659 0.408196
93 1.000000 6.382654 0.412378
94 1.000000 6.382650 0.416554
95 1.000000 6.382646 0.420724
96 1.000000 6.382641 0.424888
97 1.000000 6.382637 0.429045
98 1.000000 6.382632 0.433197
99 1.000000 6.382628 0.437343
100 1.000000 6.382623 0.441482
101 1.000000 6.382619 0.445615
102 1.000000 6.382614 0.449742
103 1.000000 6.382610 0.453863
104 1.000000 6.382605 0.457978
105 1.000000 6.382601 0.462086
106 1.000000 6.382596 0.466188
107 1.000000 6.382592 0.470283
108 1.000000 6.382587 0.474372
109 1.000000 6.382583 0.478455
110 1.000000 6.382578 0.482531
111 1.000000 6.382574 0.486601
112 1.000000 6.382569 0.490664
113 1.000000 6.382565 0.494721
114 1.000000 6.382560 0.498771
115 1.000000 6.382556 0.502815
116 1.000000 6.382551 0.506852
117 1.000000 6.382547 0.510882
118 1.000000 6.382542 0.514906
119 1.000000 6.382538 0.518923
120 1.000000 6.382533 0.522934
121 1.000000 6.382529 0.526938
122 1.000000 6.382524 0.530935
123 1.000000 6.382520 0.534926
124 1.000000 6.382516 0.538909
125 1.000000 6.382511 0.542886
126 1.000000 6.382507 0.546857
127 1.000000 6.382502 0.550820
128 1.000000 6.382498 0.554777
129 1.000000 6.382493 0.558727
130 1.000000 6.382489 0.562670
131 1.000000 6.382484 0.566606
132 1.000000 6.382480 0.570535
133 1.000000 6.382475 0.574458
134 1.000000 6.382471 0.578374
135 1.000000 6.382466 0.582282
136 1.000000 6.382462 0.586184
137 1.000000 6.382457 0.590079
138 1.000000 6.382453 0.593967
139 1.000000 6.382448 0.597849
140 1.000000 6.382444 0.601723
141 1.000000 6.382439 0.605590
142 1.000000 6.382435 0.609451
143 1.000000 6.382430 0.613304
144 1.000000 6.382426 0.617150
145 1.000000 6.382421 0.620990
146 1.000000 6.382417 0.624822
147 1.000000 6.382413 0.628648
148 1.000000 6.382408 0.632466
149 1.000000 6.382404 0.636278
150 1.000000 6.382399 0.640082
151 1.000000 6.382395 0.643880
152 1.000000 6.382390 0.647670
153 1.000000 6.382386 0.651453
154 1.000000 6.382381 0.655230
155 1.000000 6.382377 0.658999
156 1.000000 6.382372 0.662762
157 1.000000 6.382368 0.666517
158 1.000000 6.382363 0.670265
159 1.000000 6.382359 0.674006
160 1.000000 6.382354 0.677740
161 1.000000 6.382350 0.681468
162 1.000000 6.382345 0.685188
163 1.000000 6.382341 0.688901
164 1.000000 6.382336 0.692607
165 1.000000 6.382332 0.696306
166 1.000000 6.382327 0.699998
167 1.000000 6.382323 0.703682
168 1.000000 6.382319 0.707360
169 1.000000 6.382314 0.711031
170 1.000000 6.382310 0.714695
171 1.000000 6.382305 0.718351
172 1.000000 6.382301 0.722001
173 1.000000 6.382296 0.725643
174 1.000000 6.382292 0.729279
175 1.000000 6.382287 0.732907
176 1.000000 6.382283 0.736529
177 1.000000 6.382278 0.740143
178 1.000000 6.382274 0.743751
179 1.000000 6.382269 0.747351
180 1.000000 6.382265 0.750944
181 1.000000 6.382260 0.754531
182 1.000000 6.382256 0.758110
183 1.000000 6.382251 0.761682
184 1.000000 6.382247 0.765247
185 1.000000 6.382242 0.768806
186 1.000000 6.382238 0.772357
187 1.000000 6.382234 0.775901
188 1.000000 6.382229 0.779439
189 1.000000 6.382225 0.782969
190 1.000000 6.382220 0.786492
191 1.000000 6.382216 0.790009
