0 1.000000 6.383072 0.004397
1 1.000000 6.383068 0.008794
2 1.000000 6.383064 0.013191
3 1.000000 6.383059 0.017587
4 1.000000 6.383055 0.021984
5 1.000000 6.383051 0.026379
6 1.000000 6.383046 0.030775
7 1.000000 6.383042 0.035169
8 1.000000 6.383038 0.039563
9 1.000000 6.383034 0.043956
10 1.000000 6.383029 0.048349
11 1.000000 6.383025 0.052740
12 1.000000 6.383021 0.057130
13 1.000000 6.383016 0.061520
14 1.000000 6.383012 0.065908
15 1.000000 6.383008 0.070295
16 1.000000 6.383003 0.074681
17 1.000000 6.382999 0.079066
18 1.000000 6.382995 0.083449
19 1.000000 6.382991 0.087830
20 1.000000 6.382986 0.092210
21 1.000000 6.382982 0.096589
22 1.000000 6.382978 0.100965
23 1.000000 6.382973 0.105340
24 1.000000 6.382969 0.109713
25 1.000000 6.382965 0.114084
26 1.000000 6.382960 0.118453
27 1.000000 6.382956 0.122820
28 1.000000 6.382952 0.127185
29 1.000000 6.382948 0.131548
30 1.000000 6.382943 0.135908
31 1.000000 6.382939 0.140266
32 1.000000 6.382935 0.144622
33 1.000000 6.382930 0.148975
34 1.000000 6.382926 0.153325
35 1.000000 6.382922 0.157673
36 1.000000 6.382918 0.162018
37 1.000000 6.382913 0.166361
38 1.000000 6.382909 0.170700
39 1.000000 6.382905 0.175037
40 1.000000 6.382900 0.179371
41 1.000000 6.382896 0.183702
42 1.000000 6.382892 0.188029
43 1.000000 6.382887 0.192354
44 1.000000 6.382883 0.196675
45 1.000000 6.382879 0.200993
46 1.000000 6.382875 0.205308
47 1.000000 6.382870 0.209619
48 1.000000 6.382866 0.213927
49 1.000000 6.382862 0.218231
50 1.000000 6.382857 0.222531
51 1.000000 6.382853 0.226828
52 1.000000 6.382849 0.231122
53 1.000000 6.382845 0.235411
54 1.000000 6.382840 0.239697
55 1.000000 6.382836 0.243979
56 1.000000 6.382832 0.248257
57 1.000000 6.382827 0.252531
58 1.000000 6.382823 0.256801
59 1.000000 6.382819 0.261066
60 1.000000 6.382815 0.265328
61 1.000000 6.382810 0.269585
62 1.000000 6.382806 0.273838
63 1.000000 6.382802 0.278087
