0 1.000000 6.382782 0.003974
1 1.000000 6.382488 0.007938
2 1.000000 6.382195 0.011892
3 1.000000 6.381902 0.015835
4 1.000000 6.381610 0.019767
5 1.000000 6.381318 0.023687
6 1.000000 6.381027 0.027596
7 1.000000 6.380736 0.031492
8 1.000000 6.380445 0.035376
9 1.000000 6.380155 0.039247
10 1.000000 6.379866 0.043104
11 1.000000 6.379577 0.046948
12 1.000000 6.379288 0.050778
13 1.000000 6.379000 0.054594
14 1.000000 6.378712 0.058395
15 1.000000 6.378425 0.062182
16 1.000000 6.378138 0.065955
17 1.000000 6.377852 0.069712
18 1.000000 6.377566 0.073455
19 1.000000 6.377281 0.077182
20 1.000000 6.376996 0.080894
21 1.000000 6.376711 0.084590
22 1.000000 6.376427 0.088271
23 1.000000 6.376143 0.091937
24 1.000000 6.375860 0.095586
25 1.000000 6.375577 0.099220
26 1.000000 6.375295 0.102838
27 1.000000 6.375013 0.106441
28 1.000000 6.374731 0.110027
29 1.000000 6.374450 0.113598
30 1.000000 6.374170 0.117153
31 1.000000 6.373889 0.120691
32 1.000000 6.373609 0.124214
33 1.000000 6.373330 0.127721
34 1.000000 6.373051 0.131213
35 1.000000 6.372772 0.134688
36 1.000000 6.372494 0.138148
37 1.000000 6.372216 0.141592
38 1.000000 6.371939 0.145020
39 1.000000 6.371662 0.148432
40 1.000000 6.371385 0.151829
41 1.000000 6.371109 0.155210
42 1.000000 6.370833 0.158576
43 1.000000 6.370558 0.161926
44 1.000000 6.370283 0.165261
45 1.000000 6.370008 0.168581
46 1.000000 6.369734 0.171885
47 1.000000 6.369460 0.175174
48 1.000000 6.369186 0.178449
49 1.000000 6.368913 0.181708
50 1.000000 6.368640 0.184952
51 1.000000 6.368368 0.188181
52 1.000000 6.368096 0.191395
53 1.000000 6.367824 0.194595
54 1.000000 6.367553 0.197780
55 1.000000 6.367282 0.200951
56 1.000000 6.367012 0.204107
57 1.000000 6.366742 0.207249
58 1.000000 6.366472 0.210377
59 1.000000 6.366202 0.213490
60 1.000000 6.365933 0.216589
61 1.000000 6.365665 0.219675
62 1.000000 6.365396 0.222746
63 1.000000 6.365128 0.225804
64 1.000000 6.364861 0.228847
65 1.000000 6.364594 0.231878
66 1.000000 6.364327 0.234894
67 1.000000 6.364060 0.237898
68 1.000000 6.363794 0.240888
69 1.000000 6.363528 0.243864
70 1.000000 6.363263 0.246828
71 1.000000 6.362998 0.249778
72 1.000000 6.362733 0.252715
73 1.000000 6.362468 0.255640
74 1.000000 6.362204 0.258551
75 1.000000 6.361940 0.261450
76 1.000000 6.361677 0.264337
77 1.000000 6.361414 0.267210
78 1.000000 6.361151 0.270072
79 1.000000 6.360889 0.272921
80 1.000000 6.360627 0.275757
81 1.000000 6.360365 0.278582
82 1.000000 6.360104 0.281394
83 1.000000 6.359842 0.284194
84 1.000000 6.359582 0.286983
85 1.000000 6.359321 0.289759
86 1.000000 6.359061 0.292524
87 1.000000 6.358801 0.295277
88 1.000000 6.358542 0.298019
89 1.000000 6.358283 0.300749
90 1.000000 6.358024 0.303468
91 1.000000 6.357766 0.306175
92 1.000000 6.357507 0.308871
93 1.000000 6.357250 0.311556
94 1.000000 6.356992 0.314229
95 1.000000 6.356735 0.316892
96 1.000000 6.356478 0.319544
97 1.000000 6.356221 0.322185
98 1.000000 6.355965 0.324815
99 1.000000 6.355709 0.327435
100 1.000000 6.355453 0.330044
101 1.000000 6.355198 0.332642
102 1.000000 6.354943 0.335230
103 1.000000 6.354688 0.337807
104 1.000000 6.354434 0.340374
105 1.000000 6.354180 0.342931
106 1.000000 6.353926 0.345478
107 1.000000 6.353672 0.348014
108 1.000000 6.353419 0.350541
109 1.000000 6.353166 0.353058
110 1.000000 6.352913 0.355564
111 1.000000 6.352661 0.358061
112 1.000000 6.352409 0.360548
113 1.000000 6.352157 0.363026
114 1.000000 6.351906 0.365494
115 1.000000 6.351655 0.367952
116 1.000000 6.351404 0.370401
117 1.000000 6.351153 0.372840
118 1.000000 6.350903 0.375271
119 1.000000 6.350653 0.377691
120 1.000000 6.350403 0.380103
121 1.000000 6.350154 0.382506
122 1.000000 6.349904 0.384899
123 1.000000 6.349656 0.387283
124 1.000000 6.349407 0.389659
125 1.000000 6.349159 0.392025
126 1.000000 6.348911 0.394383
127 1.000000 6.348663 0.396732
