0 1.000000 6.382782 0.003974
1 1.000000 6.382488 0.007938
2 1.000000 6.382195 0.011892
3 1.000000 6.381902 0.015835
4 1.000000 6.381610 0.019767
5 1.000000 6.381318 0.023687
6 1.000000 6.381027 0.027596
7 1.000000 6.380736 0.031492
8 1.000000 6.380445 0.035376
9 1.000000 6.380155 0.039247
10 1.000000 6.379866 0.043104
11 1.000000 6.379577 0.046948
12 1.000000 6.379288 0.050778
13 1.000000 6.379000 0.054594
14 1.000000 6.378712 0.058395
15 1.000000 6.378425 0.062182
16 1.000000 6.378138 0.065955
17 1.000000 6.377852 0.069712
18 1.000000 6.377566 0.073455
19 1.000000 6.377281 0.077182
20 1.000000 6.376996 0.080894
21 1.000000 6.376711 0.084590
22 1.000000 6.376427 0.088271
23 1.000000 6.376143 0.091937
24 1.000000 6.375860 0.095586
25 1.000000 6.375577 0.099220
26 1.000000 6.375295 0.102838
27 1.000000 6.375013 0.106441
28 1.000000 6.374731 0.110027
29 1.000000 6.374450 0.113598
30 1.000000 6.374170 0.117153
31 1.000000 6.373889 0.120691
