0 1.000000 6.383071 0.000136
1 1.000000 6.383067 0.000272
2 1.000000 6.383062 0.000408
3 1.000000 6.383057 0.000544
4 1.000000 6.383052 0.000679
5 1.000000 6.383047 0.000815
6 1.000000 6.383042 0.000951
7 1.000000 6.383037 0.001087
8 1.000000 6.383032 0.001223
9 1.000000 6.383027 0.001359
10 1.000000 6.383022 0.001495
11 1.000000 6.383017 0.001630
12 1.000000 6.383012 0.001766
13 1.000000 6.383007 0.001902
14 1.000000 6.383002 0.002038
15 1.000000 6.382997 0.002174
16 1.000000 6.382992 0.002309
17 1.000000 6.382987 0.002445
18 1.000000 6.382982 0.002581
19 1.000000 6.382977 0.002717
20 1.000000 6.382972 0.002852
21 1.000000 6.382967 0.002988
22 1.000000 6.382962 0.003124
23 1.000000 6.382957 0.003260
24 1.000000 6.382952 0.003395
25 1.000000 6.382947 0.003531
26 1.000000 6.382942 0.003667
27 1.000000 6.382937 0.003802
28 1.000000 6.382932 0.003938
29 1.000000 6.382927 0.004074
30 1.000000 6.382922 0.004210
31 1.000000 6.382917 0.004345
32 1.000000 6.382912 0.004481
33 1.000000 6.382907 0.004616
34 1.000000 6.382902 0.004752
35 1.000000 6.382897 0.004888
36 1.000000 6.382892 0.005023
37 1.000000 6.382887 0.005159
38 1.000000 6.382882 0.005295
39 1.000000 6.382877 0.005430
40 1.000000 6.382872 0.005566
41 1.000000 6.382867 0.005701
42 1.000000 6.382862 0.005837
43 1.000000 6.382857 0.005973
44 1.000000 6.382852 0.006108
45 1.000000 6.382847 0.006244
46 1.000000 6.382842 0.006379
47 1.000000 6.382837 0.006515
48 1.000000 6.382832 0.006650
49 1.000000 6.382827 0.006786
50 1.000000 6.382822 0.006921
51 1.000000 6.382817 0.007057
52 1.000000 6.382812 0.007192
53 1.000000 6.382807 0.007328
54 1.000000 6.382802 0.007463
55 1.000000 6.382797 0.007599
56 1.000000 6.382792 0.007734
57 1.000000 6.382787 0.007870
58 1.000000 6.382782 0.008005
59 1.000000 6.382777 0.008140
60 1.000000 6.382772 0.008276
61 1.000000 6.382768 0.008411
62 1.000000 6.382763 0.008547
63 1.000000 6.382758 0.008682
64 1.000000 6.382753 0.008817
65 1.000000 6.382748 0.008953
66 1.000000 6.382743 0.009088
67 1.000000 6.382738 0.009224
68 1.000000 6.382733 0.009359
69 1.000000 6.382728 0.009494
70 1.000000 6.382723 0.009630
71 1.000000 6.382718 0.009765
72 1.000000 6.382713 0.009900
73 1.000000 6.382708 0.010035
74 1.000000 6.382703 0.010171
75 1.000000 6.382698 0.010306
76 1.000000 6.382693 0.010441
77 1.000000 6.382688 0.010577
78 1.000000 6.382683 0.010712
79 1.000000 6.382678 0.010847
80 1.000000 6.382673 0.010982
81 1.000000 6.382668 0.011118
82 1.000000 6.382663 0.011253
83 1.000000 6.382658 0.011388
84 1.000000 6.382653 0.011523
85 1.000000 6.382648 0.011658
86 1.000000 6.382643 0.011794
87 1.000000 6.382638 0.011929
88 1.000000 6.382633 0.012064
89 1.000000 6.382628 0.012199
90 1.000000 6.382623 0.012334
91 1.000000 6.382618 0.012469
92 1.000000 6.382613 0.012604
93 1.000000 6.382608 0.012740
94 1.000000 6.382603 0.012875
95 1.000000 6.382598 0.013010
96 1.000000 6.382593 0.013145
97 1.000000 6.382588 0.013280
98 1.000000 6.382583 0.013415
99 1.000000 6.382578 0.013550
100 1.000000 6.382574 0.013685
101 1.000000 6.382569 0.013820
102 1.000000 6.382564 0.013955
103 1.000000 6.382559 0.014090
104 1.000000 6.382554 0.014225
105 1.000000 6.382549 0.014360
106 1.000000 6.382544 0.014495
107 1.000000 6.382539 0.014630
108 1.000000 6.382534 0.014765
109 1.000000 6.382529 0.014900
110 1.000000 6.382524 0.015035
111 1.000000 6.382519 0.015170
112 1.000000 6.382514 0.015305
113 1.000000 6.382509 0.015440
114 1.000000 6.382504 0.015575
115 1.000000 6.382499 0.015709
116 1.000000 6.382494 0.015844
117 1.000000 6.382489 0.015979
118 1.000000 6.382484 0.016114
119 1.000000 6.382479 0.016249
120 1.000000 6.382474 0.016384
121 1.000000 6.382469 0.016519
122 1.000000 6.382464 0.016653
123 1.000000 6.382459 0.016788
124 1.000000 6.382454 0.016923
125 1.000000 6.382449 0.017058
126 1.000000 6.382444 0.017192
127 1.000000 6.382439 0.017327
