0 1.000000 6.372208 0.089856
1 1.000000 6.361588 0.174852
2 1.000000 6.351206 0.253419
3 1.000000 6.341053 0.325206
4 1.000000 6.331120 0.390598
5 1.000000 6.321400 0.450269
6 1.000000 6.311882 0.504934
7 1.000000 6.302561 0.555248
8 1.000000 6.293429 0.601775
9 1.000000 6.284479 0.644995
10 1.000000 6.275704 0.685307
11 1.000000 6.267098 0.723050
12 1.000000 6.258655 0.758508
13 1.000000 6.250370 0.791925
14 1.000000 6.242237 0.823507
15 1.000000 6.234250 0.853432
16 1.000000 6.226404 0.881855
17 1.000000 6.218696 0.908909
18 1.000000 6.211120 0.934713
19 1.000000 6.203672 0.959369
20 1.000000 6.196348 0.982969
21 1.000000 6.189144 1.005593
22 1.000000 6.182056 1.027315
23 1.000000 6.175080 1.048200
24 1.000000 6.168214 1.068302
25 1.000000 6.161452 1.087676
26 1.000000 6.154794 1.106380
27 1.000000 6.148234 1.124438
28 1.000000 6.141771 1.141878
29 1.000000 6.135402 1.158777
30 1.000000 6.129123 1.175184
31 1.000000 6.122933 1.191067
32 1.000000 6.116828 1.206411
33 1.000000 6.110807 1.221305
34 1.000000 6.104867 1.235855
35 1.000000 6.099005 1.250074
36 1.000000 6.093221 1.263880
37 1.000000 6.087510 1.277213
38 1.000000 6.081873 1.290120
39 1.000000 6.076306 1.302725
40 1.000000 6.070809 1.315130
41 1.000000 6.065378 1.327348
42 1.000000 6.060013 1.339305
43 1.000000 6.054712 1.350909
44 1.000000 6.049473 1.362119
45 1.000000 6.044295 1.372971
46 1.000000 6.039176 1.383560
47 1.000000 6.034115 1.393985
48 1.000000 6.029111 1.404308
49 1.000000 6.024162 1.414533
50 1.000000 6.019266 1.424615
51 1.000000 6.014424 1.434483
52 1.000000 6.009633 1.444078
53 1.000000 6.004892 1.453379
54 1.000000 6.000201 1.462387
55 1.000000 5.995557 1.471150
56 1.000000 5.990961 1.479745
57 1.000000 5.986411 1.488229
58 1.000000 5.981906 1.496629
59 1.000000 5.977445 1.504981
60 1.000000 5.973028 1.513301
61 1.000000 5.968653 1.521547
62 1.000000 5.964319 1.529652
63 1.000000 5.960026 1.537586
