0 1.000000 6.382772 0.001432
1 1.000000 6.382468 0.002860
2 1.000000 6.382165 0.004284
3 1.000000 6.381863 0.005704
4 1.000000 6.381560 0.007120
5 1.000000 6.381259 0.008532
6 1.000000 6.380958 0.009940
7 1.000000 6.380658 0.011343
8 1.000000 6.380358 0.012743
9 1.000000 6.380059 0.014139
10 1.000000 6.379760 0.015531
11 1.000000 6.379462 0.016919
12 1.000000 6.379164 0.018303
13 1.000000 6.378867 0.019683
14 1.000000 6.378571 0.021059
15 1.000000 6.378275 0.022431
16 1.000000 6.377979 0.023800
17 1.000000 6.377684 0.025165
18 1.000000 6.377390 0.026526
19 1.000000 6.377096 0.027883
20 1.000000 6.376802 0.029236
21 1.000000 6.376509 0.030586
22 1.000000 6.376217 0.031932
23 1.000000 6.375925 0.033274
24 1.000000 6.375634 0.034613
25 1.000000 6.375343 0.035948
26 1.000000 6.375052 0.037280
27 1.000000 6.374762 0.038608
28 1.000000 6.374473 0.039932
29 1.000000 6.374184 0.041252
30 1.000000 6.373895 0.042570
31 1.000000 6.373607 0.043883
