0 11.234220 11.196657
1 11.128374 10.930716
2 10.492832 10.170195
3 9.427571 9.018419
4 8.074168 7.621703
5 6.593662 6.138950
6 5.135740 4.712557
7 3.816060 3.447780
8 2.705321 2.404047
9 1.829923 1.597596
10 1.180964 1.011839
11 0.727052 0.610768
12 0.426882 0.351367
13 0.238947 0.192649
14 0.127446 0.100668
15 0.064730 0.050135
16 0.031282 0.023796
17 0.014370 0.010765
18 0.006268 0.004641
19 0.002592 0.001907
20 0.001015 0.000747
21 0.000375 0.000279
22 0.000131 0.000099
23 0.000043 0.000034
24 0.000013 0.000011
25 0.000004 0.000003
26 0.000001 0.000001
27 0.000000 0.000000
28 0.000000 0.000000
29 0.000000 0.000000
30 0.000000 0.000000
31 0.000000 0.000000
32 0.000000 0.000000
33 0.000000 0.000000
34 0.000000 0.000000
35 0.000000 0.000000
36 0.000000 0.000000
37 -0.000000 0.000000
38 0.000000 0.000000
39 -0.000000 0.000000
40 0.000000 0.000000
41 -0.000000 0.000000
42 0.000000 0.000000
43 -0.000000 0.000000
44 0.000000 0.000000
45 -0.000000 0.000000
46 0.000000 0.000000
47 -0.000000 0.000000
48 0.000000 0.000000
49 -0.000000 0.000000
50 0.000000 0.000000
51 -0.000000 0.000000
52 0.000000 0.000000
53 -0.000000 0.000000
54 0.000000 0.000000
55 -0.000000 0.000000
56 0.000000 0.000000
57 -0.000000 0.000000
58 0.000000 0.000000
59 -0.000000 0.000000
60 0.000000 0.000000
61 -0.000000 0.000000
62 0.000000 0.000000
63 -0.000000 0.000000
64 0.000000 0.000000
65 -0.000000 0.000000
66 0.000000 0.000000
67 -0.000000 0.000000
68 0.000000 0.000000
69 -0.000000 0.000000
70 0.000000 0.000000
71 -0.000000 0.000000
72 0.000000 0.000000
73 -0.000000 0.000000
74 0.000000 0.000000
75 -0.000000 0.000000
76 0.000000 0.000000
77 -0.000000 0.000000
78 0.000000 0.000000
79 -0.000000 0.000000
80 0.000000 0.000000
81 -0.000000 0.000000
82 0.000000 0.000000
83 0.000000 0.000000
84 -0.000000 0.000000
85 0.000001 0.000000
86 -0.000001 0.000000
87 0.000002 0.000000
88 -0.000004 0.000000
89 0.000006 0.000000
90 -0.000009 0.000000
91 0.000014 0.000000
92 -0.000021 0.000000
93 0.000030 0.000000
94 -0.000043 0.000000
95 0.000062 0.000000
96 -0.000086 0.000000
97 0.000120 0.000000
98 -0.000165 0.000000
99 0.000225 0.000000
100 -0.000303 0.000000
101 0.000408 0.000000
102 -0.000533 0.000001
103 0.000723 0.000003
104 -0.000886 0.000011
105 0.001290 0.000034
106 -0.001300 0.000099
107 0.002506 0.000279
108 -0.001173 0.000747
109 0.005983 0.001907
110 0.002537 0.004641
111 0.018203 0.010765
112 0.022058 0.023796
113 0.062255 0.050135
114 0.098138 0.100668
115 0.207279 0.192649
116 0.341179 0.351367
117 0.619018 0.610768
118 0.982229 1.011839
119 1.591203 1.597596
120 2.353814 2.404047
121 3.438469 3.447780
122 4.667072 4.712557
123 6.159470 6.138950
124 7.613413 7.621703
125 9.083243 9.018419
126 10.194772 10.170195
127 11.008544 10.930716
