0 1.000000 6.383072 0.000044
1 1.000000 6.383067 0.000089
2 1.000000 6.383062 0.000133
3 1.000000 6.383057 0.000178
4 1.000000 6.383053 0.000222
5 1.000000 6.383048 0.000267
6 1.000000 6.383043 0.000311
7 1.000000 6.383038 0.000355
8 1.000000 6.383034 0.000400
9 1.000000 6.383029 0.000444
10 1.000000 6.383024 0.000489
11 1.000000 6.383019 0.000533
12 1.000000 6.383014 0.000577
13 1.000000 6.383010 0.000622
14 1.000000 6.383005 0.000666
15 1.000000 6.383000 0.000711
16 1.000000 6.382995 0.000755
17 1.000000 6.382991 0.000799
18 1.000000 6.382986 0.000844
19 1.000000 6.382981 0.000888
20 1.000000 6.382976 0.000933
21 1.000000 6.382971 0.000977
22 1.000000 6.382967 0.001021
23 1.000000 6.382962 0.001066
24 1.000000 6.382957 0.001110
25 1.000000 6.382952 0.001155
26 1.000000 6.382948 0.001199
27 1.000000 6.382943 0.001243
28 1.000000 6.382938 0.001288
29 1.000000 6.382933 0.001332
30 1.000000 6.382929 0.001376
31 1.000000 6.382924 0.001421
32 1.000000 6.382919 0.001465
33 1.000000 6.382914 0.001509
34 1.000000 6.382909 0.001554
35 1.000000 6.382905 0.001598
36 1.000000 6.382900 0.001643
37 1.000000 6.382895 0.001687
38 1.000000 6.382890 0.001731
39 1.000000 6.382886 0.001776
40 1.000000 6.382881 0.001820
41 1.000000 6.382876 0.001864
42 1.000000 6.382871 0.001909
43 1.000000 6.382867 0.001953
44 1.000000 6.382862 0.001997
45 1.000000 6.382857 0.002042
46 1.000000 6.382852 0.002086
47 1.000000 6.382848 0.002130
48 1.000000 6.382843 0.002175
49 1.000000 6.382838 0.002219
50 1.000000 6.382833 0.002263
51 1.000000 6.382828 0.002308
52 1.000000 6.382824 0.002352
53 1.000000 6.382819 0.002396
54 1.000000 6.382814 0.002440
55 1.000000 6.382809 0.002485
56 1.000000 6.382805 0.002529
57 1.000000 6.382800 0.002573
58 1.000000 6.382795 0.002618
59 1.000000 6.382790 0.002662
60 1.000000 6.382786 0.002706
61 1.000000 6.382781 0.002751
62 1.000000 6.382776 0.002795
63 1.000000 6.382771 0.002839
