0 1.000000 6.383071 0.000046
1 1.000000 6.383066 0.000092
2 1.000000 6.383061 0.000139
3 1.000000 6.383056 0.000185
4 1.000000 6.383051 0.000231
5 1.000000 6.383046 0.000277
6 1.000000 6.383041 0.000323
7 1.000000 6.383036 0.000369
8 1.000000 6.383031 0.000416
9 1.000000 6.383026 0.000462
10 1.000000 6.383021 0.000508
11 1.000000 6.383016 0.000554
12 1.000000 6.383011 0.000600
13 1.000000 6.383006 0.000646
14 1.000000 6.383001 0.000693
15 1.000000 6.382996 0.000739
16 1.000000 6.382991 0.000785
17 1.000000 6.382986 0.000831
18 1.000000 6.382981 0.000877
19 1.000000 6.382977 0.000923
20 1.000000 6.382972 0.000970
21 1.000000 6.382967 0.001016
22 1.000000 6.382962 0.001062
23 1.000000 6.382957 0.001108
24 1.000000 6.382952 0.001154
25 1.000000 6.382947 0.001200
26 1.000000 6.382942 0.001246
27 1.000000 6.382937 0.001292
28 1.000000 6.382932 0.001339
29 1.000000 6.382927 0.001385
30 1.000000 6.382922 0.001431
31 1.000000 6.382917 0.001477
32 1.000000 6.382912 0.001523
33 1.000000 6.382907 0.001569
34 1.000000 6.382902 0.001615
35 1.000000 6.382897 0.001661
36 1.000000 6.382892 0.001707
37 1.000000 6.382887 0.001754
38 1.000000 6.382882 0.001800
39 1.000000 6.382877 0.001846
40 1.000000 6.382872 0.001892
41 1.000000 6.382867 0.001938
42 1.000000 6.382862 0.001984
43 1.000000 6.382857 0.002030
44 1.000000 6.382852 0.002076
45 1.000000 6.382847 0.002122
46 1.000000 6.382842 0.002168
47 1.000000 6.382837 0.002214
48 1.000000 6.382832 0.002260
49 1.000000 6.382827 0.002307
50 1.000000 6.382822 0.002353
51 1.000000 6.382817 0.002399
52 1.000000 6.382812 0.002445
53 1.000000 6.382807 0.002491
54 1.000000 6.382802 0.002537
55 1.000000 6.382797 0.002583
56 1.000000 6.382792 0.002629
57 1.000000 6.382787 0.002675
58 1.000000 6.382782 0.002721
59 1.000000 6.382777 0.002767
60 1.000000 6.382772 0.002813
61 1.000000 6.382767 0.002859
62 1.000000 6.382762 0.002905
63 1.000000 6.382757 0.002951
64 1.000000 6.382752 0.002997
65 1.000000 6.382747 0.003043
66 1.000000 6.382742 0.003089
67 1.000000 6.382737 0.003135
68 1.000000 6.382732 0.003181
69 1.000000 6.382727 0.003227
70 1.000000 6.382722 0.003273
71 1.000000 6.382717 0.003319
72 1.000000 6.382712 0.003365
73 1.000000 6.382707 0.003411
74 1.000000 6.382702 0.003457
75 1.000000 6.382697 0.003503
76 1.000000 6.382692 0.003549
77 1.000000 6.382687 0.003595
78 1.000000 6.382682 0.003641
79 1.000000 6.382677 0.003687
80 1.000000 6.382672 0.003733
81 1.000000 6.382667 0.003779
82 1.000000 6.382662 0.003825
83 1.000000 6.382657 0.003871
84 1.000000 6.382652 0.003917
85 1.000000 6.382647 0.003963
86 1.000000 6.382642 0.004009
87 1.000000 6.382637 0.004055
88 1.000000 6.382632 0.004101
89 1.000000 6.382627 0.004147
90 1.000000 6.382622 0.004193
91 1.000000 6.382617 0.004239
92 1.000000 6.382612 0.004285
93 1.000000 6.382607 0.004331
94 1.000000 6.382602 0.004377
95 1.000000 6.382597 0.004423
96 1.000000 6.382592 0.004469
97 1.000000 6.382587 0.004515
98 1.000000 6.382582 0.004561
99 1.000000 6.382577 0.004607
100 1.000000 6.382572 0.004653
101 1.000001 6.382567 0.004699
102 1.000002 6.382562 0.004744
103 1.000004 6.382557 0.004790
104 1.000009 6.382552 0.004837
105 1.000018 6.382547 0.004884
106 1.000036 6.382543 0.004934
107 1.000067 6.382539 0.004999
108 1.000123 6.382538 0.005109
109 1.000215 6.382544 0.005346
110 1.000366 6.382571 0.005893
111 1.000602 6.382650 0.007055
112 1.000958 6.382851 0.009196
113 1.001476 6.383315 0.012615
114 1.002203 6.384309 0.017513
115 1.003183 6.386288 0.023991
116 1.004458 6.389959 0.032030
117 1.006050 6.396294 0.041455
118 1.007959 6.406459 0.051901
119 1.010150 6.421594 0.062817
120 1.012550 6.442434 0.073512
121 1.015044 6.468839 0.083239
122 1.017485 6.499381 0.091321
123 1.019705 6.531196 0.097284
124 1.021532 6.560266 0.100983
125 1.022812 6.582190 0.102686
126 1.023430 6.593246 0.103078
127 1.023329 6.591423 0.103151
