0 -0.003151 0.000000
1 0.002045 0.000000
2 -0.000319 0.000000
3 -0.001263 0.000000
4 0.002978 0.000000
5 -0.004091 0.000000
6 0.004064 0.000000
7 -0.002919 0.000000
8 0.000761 0.000000
9 0.001822 0.000000
10 -0.003971 0.000000
11 0.004853 0.000000
12 -0.003974 0.000000
13 0.001477 0.000000
14 0.001773 0.000000
15 -0.004434 0.000000
16 0.005225 0.000000
17 -0.003571 0.000000
18 0.000050 0.000000
19 0.003680 0.000000
20 -0.005594 0.000000
21 0.004400 0.000000
22 -0.000477 0.000000
23 -0.004016 0.000000
24 0.006187 0.000000
25 -0.004241 0.000000
26 -0.000985 0.000000
27 0.006036 0.000000
28 -0.006898 0.000000
29 0.002111 0.000000
30 0.005328 0.000000
31 -0.009286 0.000000
32 0.005016 0.000000
33 0.005559 0.000000
34 -0.012421 0.000000
35 0.006301 0.000000
36 0.005742 0.000000
37 -0.009128 0.000000
38 0.020128 0.000000
39 -0.030066 0.000000
40 -0.076570 0.000002
41 0.202145 0.000086
42 0.357155 0.002228
43 -0.379573 0.034853
44 -0.796706 0.330672
45 1.995083 1.902885
46 8.500779 6.641720
47 14.864290 14.060521
48 16.536528 18.054067
49 12.876996 14.060521
50 7.093000 6.641720
51 2.578688 1.902885
52 0.436621 0.330672
53 -0.101486 0.034853
54 -0.071694 0.002228
55 -0.009564 0.000086
56 0.007757 0.000002
57 -0.000032 0.000000
58 0.000882 0.000000
59 -0.000826 0.000000
60 -0.000218 0.000000
61 0.001258 0.000000
62 -0.002191 0.000000
63 0.002907 0.000000
