0 -0.000000 0.000000
1 0.000000 0.000000
2 -0.000000 0.000000
3 0.000000 0.000000
4 -0.000000 0.000000
5 0.000000 0.000000
6 -0.000000 0.000000
7 0.000000 0.000000
8 -0.000000 0.000000
9 0.000000 0.000000
10 -0.000000 0.000000
11 -0.000000 0.000000
12 0.000000 0.000000
13 -0.000000 0.000000
14 0.000000 0.000000
15 -0.000000 0.000000
16 0.000000 0.000000
17 -0.000000 0.000000
18 0.000000 0.000000
19 -0.000000 0.000000
20 0.000000 0.000000
21 -0.000000 0.000000
22 0.000000 0.000000
23 -0.000000 0.000000
24 0.000000 0.000000
25 -0.000000 0.000000
26 0.000000 0.000000
27 -0.000000 0.000000
28 0.000000 0.000000
29 -0.000000 0.000000
30 0.000000 0.000000
31 -0.000000 0.000000
32 0.000000 0.000000
33 -0.000000 0.000000
34 0.000000 0.000000
35 -0.000000 0.000000
36 0.000000 0.000000
37 -0.000000 0.000000
38 0.000000 0.000000
39 -0.000000 0.000000
40 0.000000 0.000000
41 -0.000000 0.000000
42 0.000000 0.000000
43 -0.000000 0.000000
44 0.000000 0.000000
45 -0.000000 0.000000
46 0.000000 0.000000
47 0.000000 0.000000
48 -0.000000 0.000000
49 0.000000 0.000000
50 -0.000000 0.000000
51 0.000000 0.000000
52 -0.000000 0.000000
53 0.000000 0.000000
54 -0.000000 0.000000
55 0.000000 0.000000
56 -0.000000 0.000000
57 0.000000 0.000000
58 -0.000000 0.000000
59 -0.000000 0.000000
60 0.000000 0.000000
61 -0.000000 0.000000
62 0.000000 0.000000
63 -0.000000 0.000000
64 0.000000 0.000000
65 -0.000000 0.000000
66 0.000000 0.000000
67 -0.000000 0.000000
68 0.000000 0.000000
69 -0.000000 0.000000
70 0.000000 0.000000
71 -0.000000 0.000000
72 0.000000 0.000000
73 0.000000 0.000000
74 0.000000 0.000000
75 0.000000 0.000000
76 0.000000 0.000000
77 0.000000 0.000000
78 0.000000 0.000000
79 0.000000 0.000000
80 0.000000 0.000000
81 0.000000 0.000000
82 0.000000 0.000000
83 0.000000 0.000000
84 0.000000 0.000000
85 0.000000 0.000000
86 0.000000 0.000000
87 0.000000 0.000000
88 0.000000 0.000000
89 0.000000 0.000000
90 0.000000 0.000000
91 0.000000 0.000000
92 0.000000 0.000000
93 0.000001 0.000000
94 0.000002 0.000000
95 0.000004 0.000001
96 0.000009 0.000002
97 0.000019 0.000005
98 0.000041 0.000014
99 0.000087 0.000035
100 0.000183 0.000086
101 0.000376 0.000204
102 0.000763 0.000467
103 0.001525 0.001036
104 0.002998 0.002228
105 0.005790 0.004644
106 0.010982 0.009380
107 0.020431 0.018366
108 0.037252 0.034853
109 0.066489 0.064104
110 0.116019 0.114277
111 0.197638 0.197453
112 0.328208 0.330672
113 0.530592 0.536733
114 0.833987 0.844400
115 1.273133 1.287556
116 1.885912 1.902885
117 2.708988 2.725756
118 3.771525 3.784338
119 5.087548 5.092383
120 6.648108 6.641720
121 8.414896 8.395921
122 10.317144 10.286897
123 12.253345 12.215993
124 14.098607 14.060521
125 15.717241 15.685645
126 16.978995 16.960226
127 17.776267 17.774164
128 18.039153 18.054067
129 17.745438 17.774164
130 16.923572 16.960226
131 15.648106 15.685645
132 14.028596 14.060521
133 12.194246 12.215993
134 10.277230 10.286897
135 8.397599 8.395921
136 6.652035 6.641720
137 5.107645 5.092383
138 3.800873 3.784338
139 2.740658 2.725756
140 1.914385 1.902885
141 1.295036 1.287556
142 0.848140 0.844400
143 0.537553 0.536733
144 0.329577 0.330672
145 0.195372 0.197453
146 0.111920 0.114277
147 0.061920 0.064104
148 0.033064 0.034853
149 0.017028 0.018366
150 0.008452 0.009380
151 0.004040 0.004644
152 0.001858 0.002228
153 0.000821 0.001036
154 0.000349 0.000467
155 0.000142 0.000204
156 0.000055 0.000086
157 0.000021 0.000035
158 0.000007 0.000014
159 0.000003 0.000005
160 0.000001 0.000002
161 0.000000 0.000001
162 0.000000 0.000000
163 0.000000 0.000000
164 0.000000 0.000000
165 0.000000 0.000000
166 0.000000 0.000000
167 0.000000 0.000000
168 0.000000 0.000000
169 0.000000 0.000000
170 0.000000 0.000000
171 0.000000 0.000000
172 0.000000 0.000000
173 0.000000 0.000000
174 0.000000 0.000000
175 0.000000 0.000000
176 0.000000 0.000000
177 -0.000000 0.000000
178 0.000000 0.000000
179 -0.000000 0.000000
180 0.000000 0.000000
181 -0.000000 0.000000
182 0.000000 0.000000
183 -0.000000 0.000000
184 0.000000 0.000000
185 -0.000000 0.000000
186 0.000000 0.000000
187 -0.000000 0.000000
188 0.000000 0.000000
189 -0.000000 0.000000
190 0.000000 0.000000
191 -0.000000 0.000000
192 0.000000 0.000000
193 -0.000000 0.000000
194 0.000000 0.000000
195 -0.000000 0.000000
196 0.000000 0.000000
197 -0.000000 0.000000
198 0.000000 0.000000
199 0.000000 0.000000
200 -0.000000 0.000000
201 0.000000 0.000000
202 -0.000000 0.000000
203 0.000000 0.000000
204 -0.000000 0.000000
205 0.000000 0.000000
206 -0.000000 0.000000
207 0.000000 0.000000
208 -0.000000 0.000000
209 0.000000 0.000000
210 -0.000000 0.000000
211 0.000000 0.000000
212 -0.000000 0.000000
213 0.000000 0.000000
214 -0.000000 0.000000
215 0.000000 0.000000
216 -0.000000 0.000000
217 0.000000 0.000000
218 -0.000000 0.000000
219 0.000000 0.000000
220 -0.000000 0.000000
221 0.000000 0.000000
222 -0.000000 0.000000
223 0.000000 0.000000
224 -0.000000 0.000000
225 0.000000 0.000000
226 -0.000000 0.000000
227 0.000000 0.000000
228 -0.000000 0.000000
229 0.000000 0.000000
230 0.000000 0.000000
231 -0.000000 0.000000
232 0.000000 0.000000
233 -0.000000 0.000000
234 0.000000 0.000000
235 -0.000000 0.000000
236 0.000000 0.000000
237 -0.000000 0.000000
238 0.000000 0.000000
239 -0.000000 0.000000
240 0.000000 0.000000
241 -0.000000 0.000000
242 0.000000 0.000000
243 -0.000000 0.000000
244 0.000000 0.000000
245 -0.000000 0.000000
246 -0.000000 0.000000
247 0.000000 0.000000
248 -0.000000 0.000000
249 0.000000 0.000000
250 -0.000000 0.000000
251 0.000000 0.000000
252 -0.000000 0.000000
253 0.000000 0.000000
254 -0.000000 0.000000
255 0.000000 0.000000
