0 0.000000 0.000000
1 -0.000000 0.000000
2 0.000000 0.000000
3 -0.000000 0.000000
4 0.000000 0.000000
5 -0.000000 0.000000
6 0.000000 0.000000
7 -0.000000 0.000000
8 0.000000 0.000000
9 -0.000000 0.000000
10 0.000000 0.000000
11 -0.000000 0.000000
12 0.000000 0.000000
13 -0.000000 0.000000
14 0.000000 0.000000
15 -0.000000 0.000000
16 0.000000 0.000000
17 -0.000000 0.000000
18 0.000000 0.000000
19 -0.000000 0.000000
20 0.000000 0.000000
21 -0.000000 0.000000
22 0.000000 0.000000
23 -0.000000 0.000000
24 0.000000 0.000000
25 -0.000000 0.000000
26 0.000000 0.000000
27 -0.000000 0.000000
28 0.000000 0.000000
29 -0.000000 0.000000
30 0.000000 0.000000
31 -0.000000 0.000000
32 0.000000 0.000000
33 -0.000000 0.000000
34 0.000000 0.000000
35 -0.000000 0.000000
36 0.000000 0.000000
37 -0.000000 0.000000
38 -0.000000 0.000000
39 0.000000 0.000000
40 -0.000000 0.000000
41 0.000000 0.000000
42 -0.000000 0.000000
43 0.000000 0.000000
44 -0.000000 0.000000
45 0.000000 0.000000
46 -0.000000 0.000000
47 0.000000 0.000000
48 -0.000000 0.000000
49 0.000000 0.000000
50 0.000000 0.000000
51 -0.000000 0.000000
52 0.000000 0.000000
53 -0.000000 0.000000
54 0.000000 0.000000
55 -0.000000 0.000000
56 0.000000 0.000000
57 -0.000000 0.000000
58 0.000000 0.000000
59 -0.000000 0.000000
60 0.000000 0.000000
61 -0.000000 0.000000
62 0.000000 0.000000
63 -0.000000 0.000000
64 0.000000 0.000000
65 -0.000000 0.000000
66 0.000000 0.000000
67 -0.000000 0.000000
68 0.000000 0.000000
69 -0.000000 0.000000
70 0.000000 0.000000
71 0.000000 0.000000
72 -0.000000 0.000000
73 0.000000 0.000000
74 -0.000000 0.000000
75 0.000000 0.000000
76 -0.000000 0.000000
77 0.000000 0.000000
78 -0.000000 0.000000
79 0.000000 0.000000
80 -0.000000 0.000000
81 0.000000 0.000000
82 -0.000000 0.000000
83 0.000000 0.000000
84 -0.000000 0.000000
85 0.000000 0.000000
86 0.000000 0.000000
87 -0.000000 0.000000
88 0.000000 0.000000
89 -0.000000 0.000000
90 0.000000 0.000000
91 0.000000 0.000000
92 -0.000000 0.000000
93 0.000000 0.000000
94 -0.000000 0.000000
95 0.000000 0.000000
96 -0.000000 0.000000
97 0.000000 0.000000
98 -0.000000 0.000000
99 0.000000 0.000000
100 -0.000000 0.000000
101 0.000000 0.000000
102 -0.000000 0.000000
103 0.000000 0.000000
104 -0.000000 0.000000
105 0.000000 0.000000
106 -0.000000 0.000000
107 0.000000 0.000000
108 -0.000000 0.000000
109 0.000000 0.000000
110 -0.000000 0.000000
111 0.000000 0.000000
112 -0.000000 0.000000
113 0.000000 0.000000
114 -0.000000 0.000000
115 -0.000000 0.000000
116 0.000000 0.000000
117 -0.000000 0.000000
118 0.000000 0.000000
119 -0.000000 0.000000
120 0.000000 0.000000
121 -0.000000 0.000000
122 0.000000 0.000000
123 -0.000000 0.000000
124 0.000000 0.000000
125 -0.000000 0.000000
126 0.000000 0.000000
127 -0.000000 0.000000
128 0.000000 0.000000
129 -0.000000 0.000000
130 0.000000 0.000000
131 -0.000000 0.000000
132 0.000000 0.000000
133 -0.000000 0.000000
134 0.000000 0.000000
135 -0.000000 0.000000
136 0.000000 0.000000
137 -0.000000 0.000000
138 0.000000 0.000000
139 -0.000000 0.000000
140 0.000000 0.000000
141 0.000000 0.000000
142 0.000000 0.000000
143 0.000000 0.000000
144 0.000000 0.000000
145 0.000000 0.000000
146 0.000000 0.000000
147 0.000000 0.000000
148 0.000000 0.000000
149 0.000000 0.000000
150 0.000000 0.000000
151 0.000000 0.000000
152 0.000000 0.000000
153 0.000000 0.000000
154 0.000000 0.000000
155 0.000000 0.000000
156 0.000000 0.000000
157 0.000000 0.000000
158 0.000000 0.000000
159 0.000001 0.000000
160 0.000002 0.000001
161 0.000004 0.000003
162 0.000011 0.000007
163 0.000025 0.000018
164 0.000058 0.000043
165 0.000131 0.000104
166 0.000291 0.000243
167 0.000631 0.000550
168 0.001337 0.001205
169 0.002765 0.002560
170 0.005573 0.005276
171 0.010947 0.010543
172 0.020934 0.020428
173 0.038952 0.038384
174 0.070476 0.069938
175 0.123924 0.123570
176 0.211671 0.211715
177 0.351055 0.351743
178 0.565123 0.566681
179 0.882749 0.885297
180 1.337691 1.341150
181 1.966149 1.970169
182 2.802580 2.806517
183 3.873783 3.876768
184 5.191800 5.192898
185 6.746641 6.745089
186 8.500319 8.495785
187 10.383879 10.376650
188 12.298874 12.289911
189 14.124113 14.114913
190 15.727461 15.719748
191 16.981289 16.976605
192 17.779141 17.778454
193 18.050616 18.054067
194 17.771589 17.778454
195 16.967721 16.976605
196 15.710550 15.719748
197 14.107004 14.114913
198 12.284440 12.289911
199 10.374123 10.376650
200 8.496057 8.495785
201 6.747521 6.745089
202 5.196592 5.192898
203 3.880821 3.876768
204 2.810204 2.806517
205 1.973041 1.970169
206 1.343042 1.341150
207 0.886268 0.885297
208 0.566926 0.566681
209 0.351506 0.351743
210 0.211223 0.211715
211 0.123001 0.123570
212 0.069403 0.069938
213 0.037941 0.038384
214 0.020093 0.020428
215 0.010307 0.010543
216 0.005120 0.005276
217 0.002463 0.002560
218 0.001147 0.001205
219 0.000517 0.000550
220 0.000226 0.000243
221 0.000095 0.000104
222 0.000039 0.000043
223 0.000015 0.000018
224 0.000006 0.000007
225 0.000002 0.000003
226 0.000001 0.000001
227 0.000000 0.000000
228 0.000000 0.000000
229 0.000000 0.000000
230 0.000000 0.000000
231 0.000000 0.000000
232 0.000000 0.000000
233 0.000000 0.000000
234 0.000000 0.000000
235 0.000000 0.000000
236 0.000000 0.000000
237 0.000000 0.000000
238 0.000000 0.000000
239 0.000000 0.000000
240 0.000000 0.000000
241 0.000000 0.000000
242 0.000000 0.000000
243 -0.000000 0.000000
244 0.000000 0.000000
245 -0.000000 0.000000
246 0.000000 0.000000
247 -0.000000 0.000000
248 0.000000 0.000000
249 -0.000000 0.000000
250 0.000000 0.000000
251 -0.000000 0.000000
252 0.000000 0.000000
253 -0.000000 0.000000
254 0.000000 0.000000
255 -0.000000 0.000000
256 0.000000 0.000000
257 -0.000000 0.000000
