0 -0.000000 0.000000
1 0.000000 0.000000
2 0.000000 0.000000
3 0.000000 0.000000
4 0.000000 0.000000
5 0.000000 0.000000
6 0.000000 0.000000
7 -0.000000 0.000000
8 -0.000000 0.000000
9 -0.000000 0.000000
10 0.000000 0.000000
11 0.000000 0.000000
12 0.000000 0.000000
13 -0.000000 0.000000
14 -0.000000 0.000000
15 -0.000000 0.000000
16 -0.000000 0.000000
17 0.000000 0.000000
18 0.000000 0.000000
19 0.000000 0.000000
20 -0.000000 0.000000
21 -0.000000 0.000000
22 -0.000000 0.000000
23 -0.000000 0.000000
24 0.000000 0.000000
25 0.000000 0.000000
26 0.000000 0.000000
27 0.000000 0.000000
28 -0.000000 0.000000
29 -0.000000 0.000000
30 -0.000000 0.000000
31 -0.000000 0.000001
32 0.000000 0.000002
33 0.000002 0.000005
34 0.000005 0.000013
35 0.000007 0.000032
36 0.000003 0.000076
37 -0.000017 0.000171
38 -0.000068 0.000377
39 -0.000153 0.000805
40 -0.000223 0.001669
41 -0.000095 0.003359
42 0.000710 0.006561
43 0.003215 0.012442
44 0.009355 0.022902
45 0.022448 0.040918
46 0.047730 0.070963
47 0.092870 0.119461
48 0.168319 0.195207
49 0.287337 0.309627
50 0.465505 0.476714
51 0.719593 0.712445
52 1.065729 1.033521
53 1.516953 1.455331
54 2.080403 1.989202
55 2.754535 2.639189
56 3.526879 3.398886
57 4.372849 4.248908
58 5.256050 5.155759
59 6.130292 6.072710
60 6.943277 6.942997
61 7.641570 7.705236
62 8.176246 8.300410
63 8.508380 8.679360
64 8.613558 8.809482
65 8.484704 8.679360
66 8.132787 8.300410
67 7.585323 7.705236
68 6.882948 6.942997
69 6.074630 6.072710
70 5.212281 5.155759
71 4.345542 4.248908
72 3.517443 3.398886
73 2.761392 2.639189
74 2.099711 1.989202
75 1.543652 1.455331
76 1.094638 1.033521
77 0.746326 0.712445
78 0.487045 0.476714
79 0.302226 0.309627
80 0.176508 0.195207
81 0.095342 0.119461
82 0.046036 0.070963
83 0.018266 0.040918
84 0.004165 0.022902
85 -0.001887 0.012442
86 -0.003641 0.006561
87 -0.003415 0.003359
88 -0.002512 0.001669
89 -0.001574 0.000805
90 -0.000848 0.000377
91 -0.000378 0.000171
92 -0.000116 0.000076
93 0.000004 0.000032
94 0.000043 0.000013
95 0.000044 0.000005
96 0.000031 0.000002
97 0.000018 0.000001
98 0.000008 0.000000
99 0.000003 0.000000
100 -0.000000 0.000000
101 -0.000001 0.000000
102 -0.000001 0.000000
103 -0.000001 0.000000
104 -0.000000 0.000000
105 -0.000000 0.000000
106 -0.000000 0.000000
107 0.000000 0.000000
108 0.000000 0.000000
109 0.000000 0.000000
110 0.000000 0.000000
111 0.000000 0.000000
112 0.000000 0.000000
113 -0.000000 0.000000
114 -0.000000 0.000000
115 -0.000000 0.000000
116 -0.000000 0.000000
117 -0.000000 0.000000
118 0.000000 0.000000
119 0.000000 0.000000
120 0.000000 0.000000
121 0.000000 0.000000
122 0.000000 0.000000
123 0.000000 0.000000
124 -0.000000 0.000000
125 -0.000000 0.000000
126 -0.000000 0.000000
127 -0.000000 0.000000
