0 1.000000 6.294789 0.009949
1 1.000000 6.210599 0.018661
2 1.000000 6.130161 0.026313
3 1.000000 6.053175 0.033050
4 1.000000 5.979375 0.038994
5 1.000000 5.908526 0.044246
6 1.000000 5.840416 0.048894
7 1.000000 5.774859 0.053011
8 1.000000 5.711685 0.056661
9 1.000000 5.650741 0.059897
10 1.000000 5.591889 0.062767
11 1.000000 5.535002 0.065310
12 1.000000 5.479966 0.067564
13 1.000000 5.426675 0.069558
14 1.000000 5.375033 0.071320
15 1.000000 5.324951 0.072873
16 1.000000 5.276346 0.074240
17 1.000000 5.229144 0.075438
18 1.000000 5.183274 0.076484
19 1.000000 5.138672 0.077393
20 1.000000 5.095275 0.078178
21 1.000000 5.053029 0.078851
22 1.000000 5.011881 0.079423
23 1.000000 4.971780 0.079902
24 1.000000 4.932683 0.080298
25 1.000000 4.894545 0.080618
26 1.000000 4.857326 0.080869
27 1.000000 4.820988 0.081057
28 1.000000 4.785495 0.081188
29 1.000000 4.750814 0.081267
30 1.000000 4.716913 0.081299
31 1.000000 4.683761 0.081287
