0 0.000000 0.000000
1 -0.000000 0.000000
2 -0.000000 0.000000
3 -0.000000 0.000000
4 0.000000 0.000000
5 0.000000 0.000000
6 0.000000 0.000000
7 -0.000000 0.000000
8 -0.000000 0.000000
9 -0.000000 0.000000
10 0.000000 0.000000
11 0.000000 0.000000
12 0.000000 0.000000
13 -0.000000 0.000000
14 -0.000000 0.000000
15 -0.000000 0.000000
16 0.000000 0.000000
17 0.000000 0.000000
18 0.000000 0.000000
19 -0.000000 0.000000
20 -0.000001 0.000000
21 -0.000001 0.000000
22 0.000000 0.000000
23 0.000002 0.000000
24 0.000004 0.000000
25 0.000002 0.000000
26 -0.000006 0.000000
27 -0.000017 0.000000
28 -0.000019 0.000000
29 0.000004 0.000000
30 0.000052 0.000000
31 0.000093 0.000000
32 0.000066 0.000000
33 -0.000083 0.000000
34 -0.000320 0.000000
35 -0.000468 0.000000
36 -0.000245 0.000000
37 0.000545 0.000000
38 0.001701 0.000000
39 0.002411 0.000000
40 0.001413 0.000000
41 -0.002258 0.000000
42 -0.008056 0.000000
43 -0.012892 0.000000
44 -0.011286 0.000000
45 0.002414 0.000000
46 0.029733 0.000000
47 0.063106 0.000000
48 0.083095 0.000002
49 0.061147 0.000014
50 -0.030006 0.000086
51 -0.199125 0.000467
52 -0.417156 0.002228
53 -0.603682 0.009380
54 -0.627499 0.034853
55 -0.326618 0.114277
56 0.453292 0.330672
57 1.810455 0.844400
58 3.742650 1.902885
59 6.122384 3.784338
60 8.702713 6.641720
61 11.156068 10.286897
62 13.138005 14.060521
63 14.359557 16.960226
64 14.648657 18.054067
65 13.984256 16.960226
66 12.494968 14.060521
67 10.424487 10.286897
68 8.075007 6.641720
69 5.744752 3.784338
70 3.675327 1.902885
71 2.019747 0.844400
72 0.834857 0.330672
73 0.094905 0.114277
74 -0.281587 0.034853
75 -0.401055 0.009380
76 -0.368177 0.002228
77 -0.268032 0.000467
78 -0.158315 0.000086
79 -0.069998 0.000014
80 -0.013243 0.000002
81 0.014751 0.000000
82 0.022558 0.000000
83 0.019409 0.000000
84 0.012433 0.000000
85 0.005860 0.000000
86 0.001413 0.000000
87 -0.000799 0.000000
88 -0.001411 0.000000
89 -0.001186 0.000000
90 -0.000703 0.000000
91 -0.000280 0.000000
92 -0.000024 0.000000
93 0.000079 0.000000
94 0.000089 0.000000
95 0.000060 0.000000
96 0.000027 0.000000
97 0.000005 0.000000
98 -0.000004 0.000000
99 -0.000006 0.000000
100 -0.000004 0.000000
101 -0.000002 0.000000
102 -0.000000 0.000000
103 0.000000 0.000000
104 0.000000 0.000000
105 0.000000 0.000000
106 0.000000 0.000000
107 0.000000 0.000000
108 -0.000000 0.000000
109 -0.000000 0.000000
110 -0.000000 0.000000
111 -0.000000 0.000000
112 0.000000 0.000000
113 0.000000 0.000000
114 0.000000 0.000000
115 0.000000 0.000000
116 0.000000 0.000000
117 -0.000000 0.000000
118 -0.000000 0.000000
119 -0.000000 0.000000
120 -0.000000 0.000000
121 0.000000 0.000000
122 0.000000 0.000000
123 0.000000 0.000000
124 -0.000000 0.000000
125 -0.000000 0.000000
126 0.000000 0.000000
127 0.000000 0.000000
