0 1.000000 6.382327 0.000724
1 1.000000 6.381578 0.001447
2 1.000000 6.380830 0.002169
3 1.000000 6.380084 0.002889
4 1.000000 6.379338 0.003608
5 1.000000 6.378593 0.004325
6 1.000000 6.377850 0.005041
7 1.000000 6.377107 0.005756
8 1.000000 6.376365 0.006469
9 1.000000 6.375624 0.007181
10 1.000000 6.374885 0.007892
11 1.000000 6.374146 0.008602
12 1.000000 6.373408 0.009310
13 1.000000 6.372671 0.010017
14 1.000000 6.371935 0.010722
15 1.000000 6.371201 0.011426
16 1.000000 6.370467 0.012129
17 1.000000 6.369734 0.012831
18 1.000000 6.369002 0.013531
19 1.000000 6.368270 0.014230
20 1.000000 6.367540 0.014928
21 1.000000 6.366811 0.015625
22 1.000000 6.366083 0.016320
23 1.000000 6.365356 0.017014
24 1.000000 6.364629 0.017707
25 1.000000 6.363904 0.018399
26 1.000000 6.363179 0.019089
27 1.000000 6.362456 0.019778
28 1.000000 6.361733 0.020466
29 1.000000 6.361011 0.021153
30 1.000000 6.360290 0.021838
31 1.000000 6.359570 0.022522
32 1.000000 6.358851 0.023206
33 1.000000 6.358133 0.023888
34 1.000000 6.357416 0.024568
35 1.000000 6.356699 0.025248
36 1.000000 6.355984 0.025926
37 1.000000 6.355269 0.026603
38 1.000000 6.354556 0.027279
39 1.000000 6.353843 0.027954
40 1.000000 6.353131 0.028628
41 1.000000 6.352420 0.029301
42 1.000000 6.351710 0.029972
43 1.000000 6.351000 0.030642
44 1.000000 6.350292 0.031311
45 1.000000 6.349585 0.031979
46 1.000000 6.348878 0.032646
47 1.000000 6.348172 0.033312
48 1.000000 6.347467 0.033977
49 1.000000 6.346763 0.034640
50 1.000000 6.346060 0.035303
51 1.000000 6.345357 0.035964
52 1.000000 6.344656 0.036624
53 1.000000 6.343955 0.037283
54 1.000000 6.343255 0.037941
55 1.000000 6.342556 0.038598
56 1.000000 6.341858 0.039254
57 1.000000 6.341161 0.039909
58 1.000000 6.340464 0.040563
59 1.000000 6.339769 0.041215
60 1.000000 6.339074 0.041867
61 1.000000 6.338380 0.042517
62 1.000000 6.337686 0.043167
63 1.000000 6.336994 0.043815
