0 1.000000 6.382303 0.000747
1 1.000000 6.381531 0.001493
2 1.000000 6.380760 0.002237
3 1.000000 6.379990 0.002980
4 1.000000 6.379221 0.003721
5 1.000000 6.378453 0.004461
6 1.000000 6.377686 0.005200
7 1.000000 6.376920 0.005937
8 1.000000 6.376155 0.006672
9 1.000000 6.375391 0.007407
10 1.000000 6.374629 0.008139
11 1.000000 6.373867 0.008871
12 1.000000 6.373106 0.009601
13 1.000000 6.372347 0.010329
14 1.000000 6.371588 0.011057
15 1.000000 6.370830 0.011783
16 1.000000 6.370074 0.012507
17 1.000000 6.369318 0.013230
18 1.000000 6.368564 0.013952
19 1.000000 6.367810 0.014672
20 1.000000 6.367058 0.015391
21 1.000000 6.366306 0.016109
22 1.000000 6.365556 0.016826
23 1.000000 6.364806 0.017541
24 1.000000 6.364058 0.018255
25 1.000000 6.363310 0.018967
26 1.000000 6.362563 0.019678
27 1.000000 6.361818 0.020388
28 1.000000 6.361073 0.021097
29 1.000000 6.360330 0.021804
30 1.000000 6.359587 0.022510
31 1.000000 6.358845 0.023215
32 1.000000 6.358104 0.023918
33 1.000000 6.357365 0.024620
34 1.000000 6.356626 0.025321
35 1.000000 6.355888 0.026021
36 1.000000 6.355151 0.026720
37 1.000000 6.354415 0.027417
38 1.000000 6.353680 0.028113
39 1.000000 6.352946 0.028808
40 1.000000 6.352213 0.029501
41 1.000000 6.351480 0.030193
42 1.000000 6.350749 0.030885
43 1.000000 6.350019 0.031574
44 1.000000 6.349289 0.032263
45 1.000000 6.348561 0.032951
46 1.000000 6.347833 0.033637
47 1.000000 6.347106 0.034322
48 1.000000 6.346380 0.035006
49 1.000000 6.345655 0.035689
50 1.000000 6.344931 0.036370
51 1.000000 6.344208 0.037051
52 1.000000 6.343486 0.037730
53 1.000000 6.342765 0.038408
54 1.000000 6.342044 0.039085
55 1.000000 6.341325 0.039761
56 1.000000 6.340606 0.040436
57 1.000000 6.339888 0.041109
58 1.000000 6.339171 0.041782
59 1.000000 6.338455 0.042453
60 1.000000 6.337740 0.043123
61 1.000000 6.337026 0.043792
62 1.000000 6.336313 0.044460
63 1.000000 6.335600 0.045127
64 1.000000 6.334888 0.045792
65 1.000000 6.334178 0.046457
66 1.000000 6.333468 0.047121
67 1.000000 6.332759 0.047783
68 1.000000 6.332050 0.048444
69 1.000000 6.331343 0.049105
70 1.000000 6.330636 0.049764
71 1.000000 6.329931 0.050422
72 1.000000 6.329226 0.051079
73 1.000000 6.328522 0.051735
74 1.000000 6.327819 0.052390
75 1.000000 6.327116 0.053044
76 1.000000 6.326415 0.053696
77 1.000000 6.325714 0.054348
78 1.000000 6.325014 0.054999
79 1.000000 6.324315 0.055649
80 1.000000 6.323617 0.056297
81 1.000000 6.322920 0.056945
82 1.000000 6.322223 0.057591
83 1.000000 6.321527 0.058237
84 1.000000 6.320832 0.058881
85 1.000000 6.320138 0.059525
86 1.000000 6.319445 0.060167
87 1.000000 6.318752 0.060809
88 1.000000 6.318061 0.061449
89 1.000000 6.317370 0.062089
90 1.000000 6.316680 0.062727
91 1.000000 6.315990 0.063365
92 1.000000 6.315302 0.064001
93 1.000000 6.314614 0.064637
94 1.000000 6.313927 0.065271
95 1.000000 6.313241 0.065905
96 1.000000 6.312555 0.066537
97 1.000000 6.311871 0.067169
98 1.000000 6.311187 0.067800
99 1.000000 6.310504 0.068429
100 1.000000 6.309822 0.069058
101 1.000000 6.309140 0.069686
102 1.000000 6.308459 0.070312
103 1.000000 6.307779 0.070938
104 1.000000 6.307100 0.071563
105 1.000000 6.306422 0.072187
106 1.000000 6.305744 0.072810
107 1.000000 6.305067 0.073432
108 1.000000 6.304391 0.074053
109 1.000000 6.303716 0.074674
110 1.000000 6.303041 0.075293
111 1.000000 6.302367 0.075911
112 1.000000 6.301694 0.076529
113 1.000000 6.301021 0.077145
114 1.000000 6.300350 0.077761
115 1.000000 6.299679 0.078376
116 1.000000 6.299008 0.078989
117 1.000000 6.298339 0.079602
118 1.000000 6.297670 0.080214
119 1.000000 6.297002 0.080825
120 1.000000 6.296335 0.081436
121 1.000000 6.295668 0.082045
122 1.000000 6.295003 0.082653
123 1.000000 6.294338 0.083261
124 1.000000 6.293673 0.083867
125 1.000000 6.293010 0.084473
126 1.000000 6.292347 0.085078
127 1.000000 6.291684 0.085682
128 1.000000 6.291023 0.086285
129 1.000000 6.290362 0.086888
130 1.000000 6.289702 0.087489
131 1.000000 6.289043 0.088090
132 1.000000 6.288384 0.088689
133 1.000000 6.287726 0.089288
134 1.000000 6.287069 0.089886
135 1.000000 6.286412 0.090483
136 1.000000 6.285756 0.091080
137 1.000000 6.285101 0.091675
138 1.000000 6.284447 0.092270
139 1.000000 6.283793 0.092863
140 1.000000 6.283140 0.093456
141 1.000000 6.282488 0.094048
142 1.000000 6.281836 0.094640
143 1.000000 6.281185 0.095230
144 1.000000 6.280535 0.095820
145 1.000000 6.279885 0.096409
146 1.000000 6.279236 0.096997
147 1.000000 6.278588 0.097584
148 1.000000 6.277940 0.098170
149 1.000000 6.277293 0.098756
150 1.000000 6.276647 0.099340
151 1.000000 6.276001 0.099924
152 1.000000 6.275357 0.100507
153 1.000000 6.274712 0.101090
154 1.000000 6.274069 0.101671
155 1.000000 6.273426 0.102252
156 1.000000 6.272784 0.102832
157 1.000000 6.272142 0.103411
158 1.000000 6.271501 0.103990
159 1.000000 6.270861 0.104567
160 1.000000 6.270221 0.105144
161 1.000000 6.269582 0.105720
162 1.000000 6.268944 0.106295
163 1.000000 6.268306 0.106870
164 1.000000 6.267669 0.107443
165 1.000000 6.267033 0.108016
166 1.000000 6.266397 0.108588
167 1.000000 6.265762 0.109160
168 1.000000 6.265128 0.109730
169 1.000000 6.264494 0.110300
170 1.000000 6.263861 0.110869
171 1.000000 6.263229 0.111438
172 1.000000 6.262597 0.112005
173 1.000000 6.261966 0.112572
174 1.000000 6.261335 0.113138
175 1.000000 6.260705 0.113704
176 1.000000 6.260076 0.114268
177 1.000000 6.259447 0.114832
178 1.000000 6.258819 0.115395
179 1.000000 6.258192 0.115957
180 1.000000 6.257565 0.116519
181 1.000000 6.256939 0.117080
182 1.000000 6.256313 0.117640
183 1.000000 6.255688 0.118200
184 1.000000 6.255064 0.118758
185 1.000000 6.254440 0.119316
186 1.000000 6.253817 0.119874
187 1.000000 6.253194 0.120430
188 1.000000 6.252573 0.120986
189 1.000000 6.251951 0.121541
190 1.000000 6.251331 0.122096
191 1.000000 6.250711 0.122649
192 1.000000 6.250091 0.123202
193 1.000000 6.249472 0.123754
194 1.000000 6.248854 0.124306
195 1.000000 6.248237 0.124857
196 1.000000 6.247620 0.125407
197 1.000000 6.247003 0.125957
198 1.000000 6.246387 0.126505
199 1.000000 6.245772 0.127053
200 1.000000 6.245157 0.127601
201 1.000000 6.244543 0.128147
202 1.000000 6.243930 0.128693
203 1.000000 6.243317 0.129239
204 1.000000 6.242705 0.129783
205 1.000000 6.242093 0.130327
206 1.000000 6.241482 0.130871
207 1.000000 6.240872 0.131413
208 1.000000 6.240262 0.131955
209 1.000000 6.239652 0.132496
210 1.000000 6.239044 0.133037
211 1.000000 6.238435 0.133577
212 1.000000 6.237828 0.134116
213 1.000000 6.237221 0.134654
214 1.000000 6.236614 0.135192
215 1.000000 6.236008 0.135730
216 1.000000 6.235403 0.136266
217 1.000000 6.234798 0.136802
218 1.000000 6.234194 0.137337
219 1.000000 6.233591 0.137872
220 1.000000 6.232988 0.138406
221 1.000000 6.232385 0.138939
222 1.000000 6.231783 0.139472
223 1.000000 6.231182 0.140004
224 1.000000 6.230581 0.140535
225 1.000000 6.229981 0.141066
226 1.000000 6.229381 0.141596
227 1.000000 6.228782 0.142125
228 1.000000 6.228184 0.142654
229 1.000000 6.227586 0.143182
230 1.000000 6.226988 0.143709
231 1.000000 6.226392 0.144236
232 1.000000 6.225795 0.144762
233 1.000000 6.225200 0.145288
234 1.000000 6.224604 0.145813
235 1.000000 6.224010 0.146337
236 1.000000 6.223416 0.146861
237 1.000000 6.222822 0.147384
238 1.000000 6.222229 0.147907
239 1.000000 6.221637 0.148428
240 1.000000 6.221045 0.148950
241 1.000000 6.220453 0.149470
242 1.000000 6.219862 0.149990
243 1.000000 6.219272 0.150510
244 1.000000 6.218682 0.151028
245 1.000000 6.218093 0.151546
246 1.000000 6.217504 0.152064
247 1.000000 6.216916 0.152581
248 1.000000 6.216329 0.153097
249 1.000000 6.215742 0.153613
250 1.000000 6.215155 0.154128
251 1.000000 6.214569 0.154642
252 1.000000 6.213983 0.155156
253 1.000000 6.213398 0.155670
254 1.000000 6.212814 0.156182
255 1.000000 6.212230 0.156694
