0 1.000000 6.382303 0.000747
1 1.000000 6.381531 0.001493
2 1.000000 6.380760 0.002237
3 1.000000 6.379990 0.002980
4 1.000000 6.379221 0.003721
5 1.000000 6.378453 0.004461
6 1.000000 6.377686 0.005200
7 1.000000 6.376920 0.005937
8 1.000000 6.376155 0.006672
9 1.000000 6.375391 0.007407
10 1.000000 6.374629 0.008139
11 1.000000 6.373867 0.008871
12 1.000000 6.373106 0.009601
13 1.000000 6.372347 0.010329
14 1.000000 6.371588 0.011057
15 1.000000 6.370830 0.011783
16 1.000000 6.370074 0.012507
17 1.000000 6.369318 0.013230
18 1.000000 6.368564 0.013952
19 1.000000 6.367810 0.014672
20 1.000000 6.367058 0.015391
21 1.000000 6.366306 0.016109
22 1.000000 6.365556 0.016826
23 1.000000 6.364806 0.017541
24 1.000000 6.364058 0.018255
25 1.000000 6.363310 0.018967
26 1.000000 6.362563 0.019678
27 1.000000 6.361818 0.020388
28 1.000000 6.361073 0.021097
29 1.000000 6.360330 0.021804
30 1.000000 6.359587 0.022510
31 1.000000 6.358845 0.023215
32 1.000000 6.358104 0.023918
33 1.000000 6.357365 0.024620
34 1.000000 6.356626 0.025321
35 1.000000 6.355888 0.026021
36 1.000000 6.355151 0.026720
37 1.000000 6.354415 0.027417
38 1.000000 6.353680 0.028113
39 1.000000 6.352946 0.028808
40 1.000000 6.352213 0.029501
41 1.000000 6.351480 0.030193
42 1.000000 6.350749 0.030885
43 1.000000 6.350019 0.031574
44 1.000000 6.349289 0.032263
45 1.000000 6.348561 0.032951
46 1.000000 6.347833 0.033637
47 1.000000 6.347106 0.034322
48 1.000000 6.346380 0.035006
49 1.000000 6.345655 0.035689
50 1.000000 6.344931 0.036370
51 1.000000 6.344208 0.037051
52 1.000000 6.343486 0.037730
53 1.000000 6.342765 0.038408
54 1.000000 6.342044 0.039085
55 1.000000 6.341325 0.039761
56 1.000000 6.340606 0.040436
57 1.000000 6.339888 0.041109
58 1.000000 6.339171 0.041782
59 1.000000 6.338455 0.042453
60 1.000000 6.337740 0.043123
61 1.000000 6.337026 0.043792
62 1.000000 6.336313 0.044460
63 1.000000 6.335600 0.045127
64 1.000000 6.334888 0.045792
65 1.000000 6.334178 0.046457
66 1.000000 6.333468 0.047121
67 1.000000 6.332759 0.047783
68 1.000000 6.332050 0.048444
69 1.000000 6.331343 0.049105
70 1.000000 6.330636 0.049764
71 1.000000 6.329931 0.050422
72 1.000000 6.329226 0.051079
73 1.000000 6.328522 0.051735
74 1.000000 6.327819 0.052390
75 1.000000 6.327116 0.053044
76 1.000000 6.326415 0.053696
77 1.000000 6.325714 0.054348
78 1.000000 6.325014 0.054999
79 1.000000 6.324315 0.055649
80 1.000000 6.323617 0.056297
81 1.000000 6.322920 0.056945
82 1.000000 6.322223 0.057591
83 1.000000 6.321527 0.058237
84 1.000000 6.320832 0.058881
85 1.000000 6.320138 0.059525
86 1.000000 6.319445 0.060167
87 1.000000 6.318752 0.060809
88 1.000000 6.318061 0.061449
89 1.000000 6.317370 0.062089
90 1.000000 6.316680 0.062727
91 1.000000 6.315990 0.063365
92 1.000000 6.315302 0.064001
93 1.000000 6.314614 0.064637
94 1.000000 6.313927 0.065271
95 1.000000 6.313241 0.065905
96 1.000000 6.312555 0.066537
97 1.000000 6.311871 0.067169
98 1.000000 6.311187 0.067800
99 1.000000 6.310504 0.068429
100 1.000000 6.309822 0.069058
101 1.000000 6.309140 0.069686
102 1.000000 6.308459 0.070312
103 1.000000 6.307779 0.070938
104 1.000000 6.307100 0.071563
105 1.000000 6.306422 0.072187
106 1.000000 6.305744 0.072810
107 1.000000 6.305067 0.073432
108 1.000000 6.304391 0.074053
109 1.000000 6.303716 0.074674
110 1.000000 6.303041 0.075293
111 1.000000 6.302367 0.075911
112 1.000000 6.301694 0.076529
113 1.000000 6.301021 0.077145
114 1.000000 6.300350 0.077761
115 1.000000 6.299679 0.078376
116 1.000000 6.299008 0.078989
117 1.000000 6.298339 0.079602
118 1.000000 6.297670 0.080214
119 1.000000 6.297002 0.080825
120 1.000000 6.296335 0.081436
121 1.000000 6.295668 0.082045
122 1.000000 6.295003 0.082653
123 1.000000 6.294338 0.083261
124 1.000000 6.293673 0.083867
125 1.000000 6.293010 0.084473
126 1.000000 6.292347 0.085078
127 1.000000 6.291684 0.085682
