0 0.000044 0.000000
1 0.000056 0.000000
2 -0.000035 0.000000
3 -0.000187 0.000000
4 -0.000175 0.000000
5 0.000207 0.000000
6 0.000733 0.000000
7 0.000617 0.000000
8 -0.000787 0.000000
9 -0.002715 0.000000
10 -0.002600 0.000000
11 0.001942 0.000000
12 0.009286 0.000000
13 0.011817 0.000000
14 0.000214 0.000000
15 -0.025911 0.000000
16 -0.048663 0.000000
17 -0.035843 0.000000
18 0.035616 0.000000
19 0.146768 0.000000
20 0.220003 0.000000
21 0.144546 0.000000
22 -0.152260 0.000000
23 -0.619209 0.000000
24 -1.036193 0.000002
25 -1.056384 0.000086
26 -0.338829 0.002228
27 1.280647 0.034853
28 3.665183 0.330672
29 6.370956 1.902885
30 8.775903 6.641720
31 10.292097 14.060521
32 10.569221 18.054067
33 9.602787 14.060521
34 7.708858 6.641720
35 5.388985 1.902885
36 3.152408 0.330672
37 1.369301 0.034853
38 0.201973 0.002228
39 -0.380203 0.000086
40 -0.530084 0.000002
41 -0.437456 0.000000
42 -0.262996 0.000000
43 -0.106855 0.000000
44 -0.009020 0.000000
45 0.031856 0.000000
46 0.035659 0.000000
47 0.023667 0.000000
48 0.010187 0.000000
49 0.001371 0.000000
50 -0.002247 0.000000
51 -0.002542 0.000000
52 -0.001558 0.000000
53 -0.000556 0.000000
54 0.000015 0.000000
55 0.000189 0.000000
56 0.000156 0.000000
57 0.000072 0.000000
58 0.000014 0.000000
59 -0.000007 0.000000
60 -0.000010 0.000000
61 -0.000015 0.000000
62 -0.000019 0.000000
63 0.000001 0.000000
