0 1.000000 6.231383 0.149307
1 1.000000 6.104593 0.268725
2 1.000000 5.995589 0.366612
3 1.000000 5.899908 0.448793
4 1.000000 5.814586 0.519291
5 1.000000 5.737555 0.580887
6 1.000000 5.667319 0.635527
7 1.000000 5.602757 0.684596
8 1.000000 5.543009 0.729109
9 1.000000 5.487402 0.769825
10 1.000000 5.435393 0.807329
11 1.000000 5.386545 0.842077
12 1.000000 5.340494 0.874437
13 1.000000 5.296938 0.904707
14 1.000000 5.255622 0.933130
15 1.000000 5.216328 0.959913
16 1.000000 5.178869 0.985227
17 1.000000 5.143083 1.009220
18 1.000000 5.108829 1.032016
19 1.000000 5.075983 1.053724
20 1.000000 5.044436 1.074440
21 1.000000 5.014091 1.094246
22 1.000000 4.984860 1.113214
23 1.000000 4.956668 1.131410
24 1.000000 4.929444 1.148892
25 1.000000 4.903126 1.165709
26 1.000000 4.877657 1.181909
27 1.000000 4.852984 1.197532
28 1.000000 4.829062 1.212617
29 1.000000 4.805848 1.227197
30 1.000000 4.783300 1.241303
31 1.000000 4.761385 1.254963
32 1.000000 4.740068 1.268204
33 1.000000 4.719318 1.281047
34 1.000000 4.699108 1.293516
35 1.000000 4.679410 1.305630
36 1.000000 4.660201 1.317408
37 1.000000 4.641457 1.328867
38 1.000000 4.623157 1.340022
39 1.000000 4.605282 1.350888
40 1.000000 4.587813 1.361479
41 1.000000 4.570733 1.371808
42 1.000000 4.554025 1.381887
43 1.000000 4.537675 1.391726
44 1.000000 4.521667 1.401335
45 1.000000 4.505989 1.410726
46 1.000000 4.490627 1.419907
47 1.000000 4.475570 1.428886
48 1.000000 4.460806 1.437671
49 1.000000 4.446325 1.446271
50 1.000000 4.432117 1.454692
51 1.000000 4.418171 1.462941
52 1.000000 4.404479 1.471024
53 1.000000 4.391033 1.478948
54 1.000000 4.377823 1.486719
55 1.000000 4.364842 1.494341
56 1.000000 4.352083 1.501820
57 1.000000 4.339539 1.509161
58 1.000000 4.327202 1.516369
59 1.000000 4.315067 1.523447
60 1.000000 4.303126 1.530400
61 1.000000 4.291376 1.537233
62 1.000000 4.279809 1.543948
63 1.000000 4.268420 1.550551
