0 -0.000000
1 0.000000
2 0.000000
3 -0.000000
4 -0.000000
5 0.000000
6 0.000000
7 -0.000000
8 -0.000000
9 0.000000
10 -0.000000
11 -0.000000
12 0.000000
13 0.000000
14 -0.000000
15 0.000000
16 0.000000
17 0.000000
18 0.000000
19 0.000000
20 0.000000
21 0.000000
22 0.000000
23 0.000000
24 0.000000
25 0.000000
26 0.000000
27 0.000000
28 0.000000
29 -0.000000
30 -0.000000
31 0.000000
32 0.000000
33 0.000000
34 0.000000
35 -0.000000
36 -0.000000
37 0.000000
38 0.000000
39 0.000000
40 -0.000000
41 -0.000000
42 -0.000000
43 0.000000
44 0.000000
45 0.000000
46 -0.000000
47 -0.000000
48 0.000000
49 0.000000
50 0.000000
51 -0.000000
52 -0.000000
53 -0.000000
54 0.000000
55 0.000001
56 0.000000
57 -0.000005
58 -0.000009
59 0.000048
60 0.000305
61 0.000730
62 0.000512
63 -0.001235
64 0.002133
65 0.047330
66 0.239145
67 0.782191
68 1.961092
69 4.030160
70 7.030355
71 10.630953
72 14.125043
73 16.639415
74 17.480361
75 16.431083
76 13.832892
77 10.413939
78 6.977038
79 4.119094
80 2.102659
81 0.892224
82 0.284211
83 0.041357
84 -0.023748
85 -0.024167
86 -0.012003
87 -0.003607
88 -0.000261
89 0.000413
90 0.000272
91 0.000087
92 0.000007
93 -0.000009
94 -0.000005
95 -0.000001
96 0.000000
97 0.000000
98 0.000000
99 0.000000
100 -0.000000
101 -0.000000
102 -0.000000
103 0.000000
104 0.000000
105 0.000000
106 -0.000000
107 -0.000000
108 -0.000000
109 0.000000
110 0.000000
111 0.000000
112 -0.000000
113 -0.000000
114 0.000000
115 0.000000
116 0.000000
117 -0.000000
118 -0.000000
119 0.000000
120 0.000000
121 0.000000
122 -0.000000
123 -0.000000
124 0.000000
125 0.000000
126 -0.000000
127 -0.000000
