0.000000 0.000000
0.010000 0.010050
0.020000 0.020201
0.030000 0.030455
0.040000 0.040811
0.050000 0.051271
0.060000 0.061837
0.070000 0.072508
0.080000 0.083287
0.090000 0.094174
0.100000 0.105171
0.110000 0.116278
0.120000 0.127497
0.130000 0.138828
0.140000 0.150274
0.150000 0.161834
0.160000 0.173511
0.170000 0.185305
0.180000 0.197217
0.190000 0.209250
0.200000 0.221403
0.210000 0.233678
0.220000 0.246077
0.230000 0.258600
0.240000 0.271249
0.250000 0.284025
0.260000 0.296930
0.270000 0.309964
0.280000 0.323130
0.290000 0.336427
0.300000 0.349859
0.310000 0.363425
0.320000 0.377128
0.330000 0.390968
0.340000 0.404948
0.350000 0.419068
0.360000 0.433329
0.370000 0.447735
0.380000 0.462285
0.390000 0.476981
0.400000 0.491825
0.410000 0.506818
0.420000 0.521962
0.430000 0.537258
0.440000 0.552707
0.450000 0.568312
0.460000 0.584074
0.470000 0.599994
0.480000 0.616074
0.490000 0.632316
0.500000 0.648721
0.510000 0.665291
0.520000 0.682028
0.530000 0.698932
0.540000 0.716007
0.550000 0.733253
0.560000 0.750673
0.570000 0.768267
0.580000 0.786038
0.590000 0.803988
0.600000 0.822119
0.610000 0.840431
0.620000 0.858928
0.630000 0.877611
0.640000 0.896481
0.650000 0.915541
0.660000 0.934792
0.670000 0.954237
0.680000 0.973878
0.690000 0.993716
0.700000 1.013753
0.710000 1.033991
0.720000 1.054433
0.730000 1.075081
0.740000 1.095936
0.750000 1.117000
0.760000 1.138276
0.770000 1.159766
0.780000 1.181472
0.790000 1.203396
0.800000 1.225541
0.810000 1.247908
0.820000 1.270500
0.830000 1.293319
0.840000 1.316367
0.850000 1.339647
0.860000 1.363161
0.870000 1.386911
0.880000 1.410900
0.890000 1.435130
0.900000 1.459603
0.910000 1.484323
0.920000 1.509290
0.930000 1.534509
0.940000 1.559981
0.950000 1.585710
0.960000 1.611696
0.970000 1.637944
0.980000 1.664456
0.990000 1.691234
1.000000 1.718282
