0 1.000000 6.382872 0.035675
1 1.000000 6.382667 0.071294
2 1.000000 6.382463 0.106819
3 1.000000 6.382258 0.142214
4 1.000000 6.382054 0.177443
5 1.000000 6.381850 0.212471
6 1.000000 6.381646 0.247268
7 1.000000 6.381442 0.281804
8 1.000000 6.381239 0.316050
9 1.000000 6.381035 0.349983
10 1.000000 6.380832 0.383580
11 1.000000 6.380629 0.416821
12 1.000000 6.380426 0.449688
13 1.000000 6.380223 0.482166
14 1.000000 6.380021 0.514243
15 1.000000 6.379818 0.545907
16 1.000000 6.379616 0.577149
17 1.000000 6.379413 0.607964
18 1.000000 6.379211 0.638344
19 1.000000 6.379009 0.668288
20 1.000000 6.378808 0.697792
21 1.000000 6.378606 0.726855
22 1.000000 6.378404 0.755479
23 1.000000 6.378203 0.783663
24 1.000000 6.378002 0.811411
25 1.000000 6.377801 0.838724
26 1.000000 6.377600 0.865608
27 1.000000 6.377399 0.892065
28 1.000000 6.377198 0.918101
29 1.000000 6.376998 0.943721
30 1.000000 6.376798 0.968930
31 1.000000 6.376597 0.993735
32 1.000000 6.376397 1.018141
33 1.000000 6.376197 1.042155
34 1.000000 6.375998 1.065783
35 1.000000 6.375798 1.089032
36 1.000000 6.375598 1.111909
37 1.000000 6.375399 1.134421
38 1.000000 6.375200 1.156574
39 1.000000 6.375001 1.178375
40 1.000000 6.374802 1.199831
41 1.000000 6.374603 1.220948
42 1.000000 6.374405 1.241734
43 1.000000 6.374206 1.262195
44 1.000000 6.374008 1.282338
45 1.000000 6.373809 1.302168
46 1.000000 6.373611 1.321694
47 1.000000 6.373413 1.340920
48 1.000000 6.373216 1.359853
49 1.000000 6.373018 1.378500
50 1.000000 6.372820 1.396866
51 1.000000 6.372623 1.414957
52 1.000000 6.372426 1.432778
53 1.000000 6.372229 1.450337
54 1.000000 6.372032 1.467637
55 1.000000 6.371835 1.484685
56 1.000000 6.371638 1.501485
57 1.000000 6.371441 1.518044
58 1.000000 6.371245 1.534365
59 1.000000 6.371049 1.550455
60 1.000000 6.370853 1.566317
61 1.000000 6.370657 1.581957
62 1.000000 6.370461 1.597379
63 1.000000 6.370265 1.612588
64 1.000000 6.370069 1.627587
65 1.000000 6.369874 1.642382
66 1.000000 6.369678 1.656977
67 1.000000 6.369483 1.671375
68 1.000000 6.369288 1.685581
69 1.000000 6.369093 1.699598
70 1.000000 6.368898 1.713431
71 1.000000 6.368704 1.727082
72 1.000000 6.368509 1.740556
73 1.000000 6.368315 1.753857
74 1.000000 6.368120 1.766986
75 1.000000 6.367926 1.779949
76 1.000000 6.367732 1.792748
77 1.000000 6.367538 1.805386
78 1.000000 6.367345 1.817867
79 1.000000 6.367151 1.830193
80 1.000000 6.366957 1.842368
81 1.000000 6.366764 1.854394
82 1.000000 6.366571 1.866274
83 1.000000 6.366378 1.878012
84 1.000000 6.366185 1.889609
85 1.000000 6.365992 1.901068
86 1.000000 6.365799 1.912392
87 1.000000 6.365607 1.923583
88 1.000000 6.365414 1.934644
89 1.000000 6.365222 1.945577
90 1.000000 6.365030 1.956385
91 1.000000 6.364838 1.967069
92 1.000000 6.364646 1.977632
93 1.000000 6.364454 1.988077
94 1.000000 6.364262 1.998404
95 1.000000 6.364071 2.008617
96 1.000000 6.363879 2.018717
97 1.000000 6.363688 2.028707
98 1.000000 6.363497 2.038588
99 1.000000 6.363306 2.048361
100 1.000000 6.363115 2.058030
101 1.000000 6.362924 2.067595
102 1.000000 6.362733 2.077059
103 1.000000 6.362543 2.086423
104 1.000000 6.362352 2.095689
105 1.000000 6.362162 2.104858
106 1.000000 6.361972 2.113932
107 1.000000 6.361782 2.122913
108 1.000000 6.361592 2.131803
109 1.000000 6.361402 2.140602
110 1.000000 6.361212 2.149312
111 1.000000 6.361023 2.157934
112 1.000000 6.360833 2.166471
113 1.000000 6.360644 2.174923
114 1.000000 6.360455 2.183292
115 1.000000 6.360266 2.191579
116 1.000000 6.360077 2.199785
117 1.000000 6.359888 2.207912
118 1.000000 6.359699 2.215961
119 1.000000 6.359511 2.223933
120 1.000000 6.359322 2.231829
121 1.000000 6.359134 2.239650
122 1.000000 6.358946 2.247398
123 1.000000 6.358758 2.255073
124 1.000000 6.358570 2.262678
125 1.000000 6.358382 2.270212
126 1.000000 6.358194 2.277676
127 1.000000 6.358007 2.285073
