0 0.000000 0.000000
1 0.000000 0.000000
2 0.000000 0.000000
3 0.000000 0.000000
4 0.000000 0.000000
5 0.000000 0.000000
6 0.000000 0.000000
7 0.000000 0.000000
8 0.000000 0.000000
9 0.000000 0.000000
10 0.000000 0.000000
11 0.000000 0.000000
12 0.000000 0.000000
13 0.000000 0.000000
14 -0.000000 0.000000
15 0.000000 0.000000
16 -0.000000 0.000000
17 0.000000 0.000000
18 0.000000 0.000000
19 -0.000000 0.000000
20 0.000000 0.000000
21 -0.000000 0.000000
22 0.000000 0.000000
23 0.000000 0.000000
24 -0.000000 0.000000
25 0.000000 0.000000
26 -0.000000 0.000000
27 -0.000000 0.000000
28 0.000000 0.000000
29 -0.000000 0.000000
30 0.000000 0.000000
31 0.000000 0.000000
32 -0.000000 0.000000
33 0.000000 0.000000
34 -0.000000 0.000000
35 -0.000000 0.000000
36 0.000000 0.000000
37 -0.000000 0.000000
38 -0.000000 0.000000
39 0.000000 0.000000
40 -0.000000 0.000000
41 0.000000 0.000000
42 0.000000 0.000000
43 -0.000000 0.000000
44 0.000000 0.000000
45 0.000000 0.000000
46 -0.000000 0.000000
47 -0.000000 0.000000
48 0.000001 0.000000
49 -0.000001 0.000000
50 -0.000002 0.000000
51 0.000005 0.000000
52 0.000001 0.000000
53 -0.000013 0.000000
54 0.000008 0.000000
55 0.000026 0.000000
56 -0.000034 0.000000
57 -0.000045 0.000000
58 0.000098 0.000000
59 0.000072 0.000000
60 -0.000239 0.000000
61 -0.000130 0.000000
62 0.000541 0.000000
63 0.000308 0.000000
64 -0.001146 0.000000
65 -0.000918 0.000000
66 0.002177 0.000000
67 0.002813 0.000000
68 -0.003211 0.000000
69 -0.007684 0.000000
70 0.001538 0.000000
71 0.016757 0.000000
72 0.010782 0.000000
73 -0.023441 0.000000
74 -0.044359 0.000000
75 -0.002035 0.000000
76 0.082556 0.000000
77 0.104764 0.000000
78 -0.018415 0.000000
79 -0.218641 0.000000
80 -0.281272 0.000002
81 -0.030144 0.000014
82 0.454569 0.000086
83 0.801844 0.000467
84 0.579036 0.002228
85 -0.358936 0.009380
86 -1.658196 0.034853
87 -2.560565 0.114277
88 -2.260417 0.330672
89 -0.311279 0.844400
90 3.145167 1.902885
91 7.430846 3.784338
92 11.605616 6.641720
93 14.808093 10.286897
94 16.509957 14.060521
95 16.605500 16.960226
96 15.346539 18.054067
97 13.189316 16.960226
98 10.630448 14.060521
99 8.085918 10.286897
100 5.832807 6.641720
101 4.005885 3.784338
102 2.627797 1.902885
103 1.650942 0.844400
104 0.995681 0.330672
105 0.577592 0.114277
106 0.322843 0.034853
107 0.174140 0.009380
108 0.090769 0.002228
109 0.045775 0.000467
110 0.022360 0.000086
111 0.010590 0.000014
112 0.004867 0.000002
113 0.002172 0.000000
114 0.000943 0.000000
115 0.000398 0.000000
116 0.000163 0.000000
117 0.000065 0.000000
118 0.000025 0.000000
119 0.000010 0.000000
120 0.000004 0.000000
121 0.000001 0.000000
122 0.000000 0.000000
123 0.000000 0.000000
124 0.000000 0.000000
125 0.000000 0.000000
126 0.000000 0.000000
127 0.000000 0.000000
