0 1.000000 6.378769 0.265575
1 1.000000 6.374483 0.518417
2 1.000000 6.370219 0.750581
3 1.000000 6.365978 0.958919
4 1.000000 6.361758 1.143816
5 1.000000 6.357560 1.307432
6 1.000000 6.353383 1.452479
7 1.000000 6.349227 1.581608
8 1.000000 6.345093 1.697168
9 1.000000 6.340980 1.801157
10 1.000000 6.336887 1.895244
11 1.000000 6.332815 1.980810
12 1.000000 6.328763 2.059004
13 1.000000 6.324732 2.130781
14 1.000000 6.320721 2.196940
15 1.000000 6.316730 2.258152
16 1.000000 6.312759 2.314986
17 1.000000 6.308807 2.367924
18 1.000000 6.304875 2.417382
19 1.000000 6.300963 2.463714
20 1.000000 6.297070 2.507230
21 1.000000 6.293196 2.548196
22 1.000000 6.289341 2.586848
23 1.000000 6.285504 2.623390
24 1.000000 6.281687 2.658004
25 1.000000 6.277888 2.690851
26 1.000000 6.274107 2.722073
27 1.000000 6.270345 2.751797
28 1.000000 6.266601 2.780136
29 1.000000 6.262875 2.807194
30 1.000000 6.259167 2.833062
31 1.000000 6.255477 2.857823
32 1.000000 6.251804 2.881548
33 1.000000 6.248148 2.904319
34 1.000000 6.244511 2.926198
35 1.000000 6.240890 2.947195
36 1.000000 6.237286 2.967388
37 1.000000 6.233700 2.986936
38 1.000000 6.230130 3.005812
39 1.000000 6.226577 3.023832
40 1.000000 6.223041 3.041098
41 1.000000 6.219521 3.058032
42 1.000000 6.216017 3.074792
43 1.000000 6.212530 3.090948
44 1.000000 6.209059 3.105978
45 1.000000 6.205604 3.120019
46 1.000000 6.202165 3.133891
47 1.000000 6.198741 3.148318
48 1.000000 6.195334 3.163164
49 1.000000 6.191942 3.177455
50 1.000000 6.188565 3.190163
51 1.000000 6.185204 3.201066
52 1.000000 6.181858 3.211008
53 1.000000 6.178527 3.221389
54 1.000000 6.175211 3.233285
55 1.000000 6.171910 3.246770
56 1.000000 6.168624 3.260846
57 1.000000 6.165352 3.273954
58 1.000000 6.162095 3.284760
59 1.000000 6.158853 3.292781
60 1.000000 6.155625 3.298614
61 1.000000 6.152411 3.303695
62 1.000000 6.149211 3.309738
63 1.000000 6.146026 3.318107
