0 0.000010 0.000000
1 0.000003 0.000000
2 0.000001 0.000000
3 0.000000 0.000000
4 0.000000 0.000000
5 -0.000001 0.000000
6 0.000003 0.000000
7 -0.000009 0.000000
8 0.000021 0.000000
9 -0.000040 0.000000
10 0.000052 0.000000
11 0.000004 0.000000
12 -0.000293 0.000000
13 0.001111 0.000000
14 -0.002763 0.000000
15 0.005042 0.000000
16 -0.006232 0.000000
17 0.002371 0.000000
18 0.011076 0.000000
19 -0.032700 0.000000
20 0.046077 0.000000
21 -0.021366 0.000000
22 -0.054275 0.000000
23 0.127256 0.000000
24 -0.081820 0.000000
25 -0.120917 0.000000
26 0.269577 0.000000
27 -0.047206 0.000000
28 -0.400487 0.000000
29 0.314054 0.000000
30 0.487616 0.000000
31 -0.619824 0.000000
32 -0.664365 0.000000
33 0.905869 0.000000
34 1.157072 0.000000
35 -0.924897 0.000000
36 -2.133612 0.000000
37 -0.063038 0.000000
38 2.958761 0.000000
39 2.863910 0.000000
40 -0.984248 0.000002
41 -5.089823 0.000086
42 -5.535012 0.002228
43 -1.402907 0.034853
44 5.070671 0.330672
45 10.707591 1.902885
46 13.500585 6.641720
47 13.253712 14.060521
48 10.983541 18.054067
49 7.984027 14.060521
50 5.205773 6.641720
51 3.089639 1.902885
52 1.686588 0.330672
53 0.853427 0.034853
54 0.402716 0.002228
55 0.178072 0.000086
56 0.074073 0.000002
57 0.029080 0.000000
58 0.010804 0.000000
59 0.003807 0.000000
60 0.001275 0.000000
61 0.000406 0.000000
62 0.000124 0.000000
63 0.000036 0.000000
