0 1.000000 6.305793 0.003989
1 1.000000 6.231209 0.007496
2 1.000000 6.159174 0.010581
3 1.000000 6.089546 0.013292
4 1.000000 6.022196 0.015674
5 1.000000 5.957005 0.017764
6 1.000000 5.893860 0.019596
7 1.000000 5.832657 0.021200
8 1.000000 5.773301 0.022600
9 1.000000 5.715700 0.023821
10 1.000000 5.659771 0.024880
11 1.000000 5.605436 0.025797
12 1.000000 5.552620 0.026587
13 1.000000 5.501255 0.027263
14 1.000000 5.451276 0.027838
15 1.000000 5.402622 0.028322
16 1.000000 5.355237 0.028726
17 1.000000 5.309066 0.029057
18 1.000000 5.264059 0.029323
19 1.000000 5.220168 0.029532
20 1.000000 5.177348 0.029689
21 1.000000 5.135557 0.029799
22 1.000000 5.094754 0.029869
23 1.000000 5.054902 0.029901
24 1.000000 5.015963 0.029899
25 1.000000 4.977905 0.029869
26 1.000000 4.940694 0.029812
27 1.000000 4.904299 0.029731
28 1.000000 4.868692 0.029629
29 1.000000 4.833845 0.029509
30 1.000000 4.799731 0.029372
31 1.000000 4.766325 0.029220
32 1.000000 4.733602 0.029056
33 1.000000 4.701541 0.028879
34 1.000000 4.670118 0.028693
35 1.000000 4.639314 0.028498
36 1.000000 4.609109 0.028295
37 1.000000 4.579483 0.028085
38 1.000000 4.550418 0.027870
39 1.000000 4.521896 0.027650
40 1.000000 4.493902 0.027425
41 1.000000 4.466419 0.027197
42 1.000000 4.439431 0.026967
43 1.000000 4.412925 0.026733
44 1.000000 4.386886 0.026499
45 1.000000 4.361300 0.026262
46 1.000000 4.336156 0.026025
47 1.000000 4.311439 0.025787
48 1.000000 4.287138 0.025549
49 1.000000 4.263242 0.025311
50 1.000000 4.239740 0.025074
51 1.000000 4.216620 0.024837
52 1.000000 4.193874 0.024601
53 1.000000 4.171490 0.024366
54 1.000000 4.149459 0.024132
55 1.000000 4.127773 0.023899
56 1.000000 4.106422 0.023668
57 1.000000 4.085398 0.023439
58 1.000000 4.064692 0.023211
59 1.000000 4.044297 0.022985
60 1.000000 4.024205 0.022761
61 1.000000 4.004409 0.022539
62 1.000000 3.984901 0.022319
63 1.000000 3.965674 0.022101
64 1.000000 3.946722 0.021886
65 1.000000 3.928039 0.021672
66 1.000000 3.909617 0.021461
67 1.000000 3.891452 0.021252
68 1.000000 3.873537 0.021045
69 1.000000 3.855866 0.020841
70 1.000000 3.838434 0.020639
71 1.000000 3.821236 0.020439
72 1.000000 3.804267 0.020242
73 1.000000 3.787521 0.020047
74 1.000000 3.770993 0.019854
75 1.000000 3.754680 0.019663
76 1.000000 3.738576 0.019475
77 1.000000 3.722677 0.019290
78 1.000000 3.706978 0.019106
79 1.000000 3.691477 0.018925
80 1.000000 3.676167 0.018746
81 1.000000 3.661046 0.018569
82 1.000000 3.646110 0.018395
83 1.000000 3.631354 0.018223
84 1.000000 3.616776 0.018052
85 1.000000 3.602372 0.017885
86 1.000000 3.588138 0.017719
87 1.000000 3.574071 0.017555
88 1.000000 3.560168 0.017394
89 1.000000 3.546425 0.017234
90 1.000000 3.532840 0.017077
91 1.000000 3.519410 0.016922
92 1.000000 3.506132 0.016768
93 1.000000 3.493002 0.016617
94 1.000000 3.480019 0.016468
95 1.000000 3.467179 0.016320
96 1.000000 3.454480 0.016175
97 1.000000 3.441919 0.016031
98 1.000000 3.429494 0.015890
99 1.000000 3.417202 0.015750
100 1.000000 3.405041 0.015612
101 1.000000 3.393009 0.015475
102 1.000000 3.381103 0.015341
103 1.000000 3.369322 0.015208
104 1.000000 3.357663 0.015077
105 1.000000 3.346123 0.014947
106 1.000000 3.334702 0.014819
107 1.000000 3.323397 0.014693
108 1.000000 3.312206 0.014569
109 1.000000 3.301126 0.014446
110 1.000000 3.290157 0.014324
111 1.000000 3.279297 0.014205
112 1.000000 3.268543 0.014086
113 1.000000 3.257895 0.013969
114 1.000000 3.247349 0.013854
115 1.000000 3.236905 0.013740
116 1.000000 3.226561 0.013628
117 1.000000 3.216316 0.013517
118 1.000000 3.206167 0.013407
119 1.000000 3.196114 0.013299
120 1.000000 3.186154 0.013192
121 1.000000 3.176287 0.013086
122 1.000000 3.166511 0.012982
123 1.000000 3.156824 0.012879
124 1.000000 3.147226 0.012777
125 1.000000 3.137715 0.012676
126 1.000000 3.128289 0.012577
127 1.000000 3.118948 0.012479
