0 1.000000 6.305793 0.003989
1 1.000000 6.231209 0.007496
2 1.000000 6.159174 0.010581
3 1.000000 6.089546 0.013292
4 1.000000 6.022196 0.015674
5 1.000000 5.957005 0.017764
6 1.000000 5.893860 0.019596
7 1.000000 5.832657 0.021200
8 1.000000 5.773301 0.022600
9 1.000000 5.715700 0.023821
10 1.000000 5.659771 0.024880
11 1.000000 5.605436 0.025797
12 1.000000 5.552620 0.026587
13 1.000000 5.501255 0.027263
14 1.000000 5.451276 0.027838
15 1.000000 5.402622 0.028322
16 1.000000 5.355237 0.028726
17 1.000000 5.309066 0.029057
18 1.000000 5.264059 0.029323
19 1.000000 5.220168 0.029532
20 1.000000 5.177348 0.029689
21 1.000000 5.135557 0.029799
22 1.000000 5.094754 0.029869
23 1.000000 5.054902 0.029901
24 1.000000 5.015963 0.029899
25 1.000000 4.977905 0.029869
26 1.000000 4.940694 0.029812
27 1.000000 4.904299 0.029731
28 1.000000 4.868692 0.029629
29 1.000000 4.833845 0.029509
30 1.000000 4.799731 0.029372
31 1.000000 4.766325 0.029220
