0 1.000000 6.383071 0.000136
1 1.000000 6.383067 0.000272
2 1.000000 6.383062 0.000408
3 1.000000 6.383057 0.000544
4 1.000000 6.383052 0.000679
5 1.000000 6.383047 0.000815
6 1.000000 6.383042 0.000951
7 1.000000 6.383037 0.001087
8 1.000000 6.383032 0.001223
9 1.000000 6.383027 0.001359
10 1.000000 6.383022 0.001495
11 1.000000 6.383017 0.001630
12 1.000000 6.383012 0.001766
13 1.000000 6.383007 0.001902
14 1.000000 6.383002 0.002038
15 1.000000 6.382997 0.002174
16 1.000000 6.382992 0.002309
17 1.000000 6.382987 0.002445
18 1.000000 6.382982 0.002581
19 1.000000 6.382977 0.002717
20 1.000000 6.382972 0.002852
21 1.000000 6.382967 0.002988
22 1.000000 6.382962 0.003124
23 1.000000 6.382957 0.003260
24 1.000000 6.382952 0.003395
25 1.000000 6.382947 0.003531
26 1.000000 6.382942 0.003667
27 1.000000 6.382937 0.003802
28 1.000000 6.382932 0.003938
29 1.000000 6.382927 0.004074
30 1.000000 6.382922 0.004210
31 1.000000 6.382917 0.004345
32 1.000000 6.382912 0.004481
33 1.000000 6.382907 0.004616
34 1.000000 6.382902 0.004752
35 1.000000 6.382897 0.004888
36 1.000000 6.382892 0.005023
37 1.000000 6.382887 0.005159
38 1.000000 6.382882 0.005295
39 1.000000 6.382877 0.005430
40 1.000000 6.382872 0.005566
41 1.000000 6.382867 0.005701
42 1.000000 6.382862 0.005837
43 1.000000 6.382857 0.005973
44 1.000000 6.382852 0.006108
45 1.000000 6.382847 0.006244
46 1.000000 6.382842 0.006379
47 1.000000 6.382837 0.006515
48 1.000000 6.382832 0.006650
49 1.000000 6.382827 0.006786
50 1.000000 6.382822 0.006921
51 1.000000 6.382817 0.007057
52 1.000000 6.382812 0.007192
53 1.000000 6.382807 0.007328
54 1.000000 6.382802 0.007463
55 1.000000 6.382797 0.007599
56 1.000000 6.382792 0.007734
57 1.000000 6.382787 0.007870
58 1.000000 6.382782 0.008005
59 1.000000 6.382777 0.008140
60 1.000000 6.382772 0.008276
61 1.000000 6.382768 0.008411
62 1.000000 6.382763 0.008547
63 1.000000 6.382758 0.008682
64 1.000000 6.382753 0.008817
65 1.000000 6.382748 0.008953
66 1.000000 6.382743 0.009088
67 1.000000 6.382738 0.009224
68 1.000000 6.382733 0.009359
69 1.000000 6.382728 0.009494
70 1.000000 6.382723 0.009630
71 1.000000 6.382718 0.009765
72 1.000000 6.382713 0.009900
73 1.000000 6.382708 0.010035
74 1.000000 6.382703 0.010171
75 1.000000 6.382698 0.010306
76 1.000000 6.382693 0.010441
77 1.000000 6.382688 0.010577
78 1.000000 6.382683 0.010712
79 1.000000 6.382678 0.010847
80 1.000000 6.382673 0.010982
81 1.000000 6.382668 0.011118
82 1.000000 6.382663 0.011253
83 1.000000 6.382658 0.011388
84 1.000000 6.382653 0.011523
85 1.000000 6.382648 0.011658
86 1.000000 6.382643 0.011794
87 1.000000 6.382638 0.011929
88 1.000000 6.382633 0.012064
89 1.000000 6.382628 0.012199
90 1.000000 6.382623 0.012334
91 1.000000 6.382618 0.012469
92 1.000000 6.382613 0.012604
93 1.000000 6.382608 0.012740
94 1.000000 6.382603 0.012875
95 1.000000 6.382598 0.013010
96 1.000000 6.382593 0.013145
97 1.000000 6.382588 0.013280
98 1.000000 6.382583 0.013415
99 1.000000 6.382578 0.013550
100 1.000000 6.382574 0.013685
101 1.000000 6.382569 0.013820
102 1.000000 6.382564 0.013955
103 1.000000 6.382559 0.014090
104 1.000000 6.382554 0.014225
105 1.000000 6.382549 0.014360
106 1.000000 6.382544 0.014495
107 1.000000 6.382539 0.014630
108 1.000000 6.382534 0.014765
109 1.000000 6.382529 0.014900
110 1.000000 6.382524 0.015035
111 1.000000 6.382519 0.015170
112 1.000000 6.382514 0.015305
113 1.000000 6.382509 0.015440
114 1.000000 6.382504 0.015575
115 1.000000 6.382499 0.015709
116 1.000000 6.382494 0.015844
117 1.000000 6.382489 0.015979
118 1.000000 6.382484 0.016114
119 1.000000 6.382479 0.016249
120 1.000000 6.382474 0.016384
121 1.000000 6.382469 0.016519
122 1.000000 6.382464 0.016653
123 1.000000 6.382459 0.016788
124 1.000000 6.382454 0.016923
125 1.000000 6.382449 0.017058
126 1.000000 6.382444 0.017192
127 1.000000 6.382439 0.017327
128 1.000000 6.382434 0.017462
129 1.000000 6.382429 0.017597
130 1.000000 6.382424 0.017731
131 1.000000 6.382419 0.017866
132 1.000000 6.382415 0.018001
133 1.000000 6.382410 0.018136
134 1.000000 6.382405 0.018270
135 1.000000 6.382400 0.018405
136 1.000000 6.382395 0.018540
137 1.000000 6.382390 0.018674
138 1.000000 6.382385 0.018809
139 1.000000 6.382380 0.018944
140 1.000000 6.382375 0.019078
141 1.000000 6.382370 0.019213
142 1.000000 6.382365 0.019347
143 1.000000 6.382360 0.019482
144 1.000000 6.382355 0.019617
145 1.000000 6.382350 0.019751
146 1.000000 6.382345 0.019886
147 1.000000 6.382340 0.020020
148 1.000000 6.382335 0.020155
149 1.000000 6.382330 0.020289
150 1.000000 6.382325 0.020424
151 1.000000 6.382320 0.020558
152 1.000000 6.382315 0.020693
153 1.000000 6.382310 0.020827
154 1.000000 6.382305 0.020962
155 1.000000 6.382300 0.021096
156 1.000000 6.382295 0.021231
157 1.000000 6.382290 0.021365
158 1.000000 6.382285 0.021499
159 1.000000 6.382280 0.021634
160 1.000000 6.382276 0.021768
161 1.000000 6.382271 0.021903
162 1.000000 6.382266 0.022037
163 1.000000 6.382261 0.022171
164 1.000000 6.382256 0.022306
165 1.000000 6.382251 0.022440
166 1.000000 6.382246 0.022574
167 1.000000 6.382241 0.022709
168 1.000000 6.382236 0.022843
169 1.000000 6.382231 0.022977
170 1.000000 6.382226 0.023111
171 1.000000 6.382221 0.023246
172 1.000000 6.382216 0.023380
173 1.000000 6.382211 0.023514
174 1.000000 6.382206 0.023648
175 1.000000 6.382201 0.023783
176 1.000000 6.382196 0.023917
177 1.000000 6.382191 0.024051
178 1.000000 6.382186 0.024185
179 1.000000 6.382181 0.024319
180 1.000000 6.382176 0.024454
181 1.000000 6.382171 0.024588
182 1.000000 6.382166 0.024722
183 1.000000 6.382161 0.024856
184 1.000000 6.382157 0.024990
185 1.000000 6.382152 0.025124
186 1.000000 6.382147 0.025258
187 1.000000 6.382142 0.025392
188 1.000000 6.382137 0.025526
189 1.000000 6.382132 0.025660
190 1.000000 6.382127 0.025795
191 1.000000 6.382122 0.025929
192 1.000000 6.382117 0.026063
193 1.000000 6.382112 0.026197
194 1.000000 6.382107 0.026331
195 1.000000 6.382102 0.026465
196 1.000000 6.382097 0.026598
197 1.000000 6.382092 0.026732
198 1.000000 6.382087 0.026866
199 1.000000 6.382082 0.027000
200 1.000000 6.382077 0.027134
201 1.000000 6.382072 0.027268
202 1.000000 6.382067 0.027402
203 1.000000 6.382062 0.027536
204 1.000000 6.382057 0.027670
205 1.000000 6.382052 0.027804
206 1.000000 6.382048 0.027937
207 1.000000 6.382043 0.028071
208 1.000000 6.382038 0.028205
209 1.000000 6.382033 0.028339
210 1.000000 6.382028 0.028473
211 1.000000 6.382023 0.028606
212 1.000000 6.382018 0.028740
213 1.000000 6.382013 0.028874
214 1.000000 6.382008 0.029008
215 1.000000 6.382003 0.029141
216 1.000000 6.381998 0.029275
217 1.000000 6.381993 0.029409
218 1.000000 6.381988 0.029543
219 1.000000 6.381983 0.029676
220 1.000000 6.381978 0.029810
221 1.000000 6.381973 0.029944
222 1.000000 6.381968 0.030077
223 1.000000 6.381963 0.030211
224 1.000000 6.381958 0.030344
225 1.000000 6.381953 0.030478
226 1.000000 6.381948 0.030612
227 1.000000 6.381944 0.030745
228 1.000000 6.381939 0.030879
229 1.000000 6.381934 0.031012
230 1.000000 6.381929 0.031146
231 1.000000 6.381924 0.031279
232 1.000000 6.381919 0.031413
233 1.000000 6.381914 0.031546
234 1.000000 6.381909 0.031680
235 1.000000 6.381904 0.031813
236 1.000000 6.381899 0.031947
237 1.000000 6.381894 0.032080
238 1.000000 6.381889 0.032214
239 1.000000 6.381884 0.032347
240 1.000000 6.381879 0.032480
241 1.000000 6.381874 0.032614
242 1.000000 6.381869 0.032747
243 1.000000 6.381864 0.032880
244 1.000000 6.381859 0.033014
245 1.000000 6.381854 0.033147
246 1.000000 6.381850 0.033280
247 1.000000 6.381845 0.033414
248 1.000000 6.381840 0.033547
249 1.000000 6.381835 0.033680
250 1.000000 6.381830 0.033814
251 1.000000 6.381825 0.033947
252 1.000000 6.381820 0.034080
253 1.000000 6.381815 0.034213
254 1.000000 6.381810 0.034347
255 1.000000 6.381805 0.034480
