0 1.000000 6.383072 0.000131
1 1.000000 6.383067 0.000262
2 1.000000 6.383062 0.000392
3 1.000000 6.383057 0.000523
4 1.000000 6.383053 0.000654
5 1.000000 6.383048 0.000785
6 1.000000 6.383043 0.000915
7 1.000000 6.383038 0.001046
8 1.000000 6.383034 0.001177
9 1.000000 6.383029 0.001307
10 1.000000 6.383024 0.001438
11 1.000000 6.383019 0.001569
12 1.000000 6.383015 0.001700
13 1.000000 6.383010 0.001830
14 1.000000 6.383005 0.001961
15 1.000000 6.383000 0.002092
16 1.000000 6.382996 0.002222
17 1.000000 6.382991 0.002353
18 1.000000 6.382986 0.002484
19 1.000000 6.382981 0.002614
20 1.000000 6.382977 0.002745
21 1.000000 6.382972 0.002875
22 1.000000 6.382967 0.003006
23 1.000000 6.382962 0.003137
24 1.000000 6.382957 0.003267
25 1.000000 6.382953 0.003398
26 1.000000 6.382948 0.003528
27 1.000000 6.382943 0.003659
28 1.000000 6.382938 0.003790
29 1.000000 6.382934 0.003920
30 1.000000 6.382929 0.004051
31 1.000000 6.382924 0.004181
32 1.000000 6.382919 0.004312
33 1.000000 6.382915 0.004442
34 1.000000 6.382910 0.004573
35 1.000000 6.382905 0.004703
36 1.000000 6.382900 0.004834
37 1.000000 6.382896 0.004965
38 1.000000 6.382891 0.005095
39 1.000000 6.382886 0.005226
40 1.000000 6.382881 0.005356
41 1.000000 6.382877 0.005486
42 1.000000 6.382872 0.005617
43 1.000000 6.382867 0.005747
44 1.000000 6.382862 0.005878
45 1.000000 6.382858 0.006008
46 1.000000 6.382853 0.006139
47 1.000000 6.382848 0.006269
48 1.000000 6.382843 0.006400
49 1.000000 6.382839 0.006530
50 1.000000 6.382834 0.006660
51 1.000000 6.382829 0.006791
52 1.000000 6.382824 0.006921
53 1.000000 6.382820 0.007052
54 1.000000 6.382815 0.007182
55 1.000000 6.382810 0.007312
56 1.000000 6.382805 0.007443
57 1.000000 6.382801 0.007573
58 1.000000 6.382796 0.007703
59 1.000000 6.382791 0.007834
60 1.000000 6.382786 0.007964
61 1.000000 6.382782 0.008094
62 1.000000 6.382777 0.008225
63 1.000000 6.382772 0.008355
