0 -0.000258 0.000000
1 0.000429 0.000000
2 -0.000641 0.000000
3 0.000842 0.000000
4 -0.000897 0.000000
5 0.000585 0.000000
6 0.000374 0.000000
7 -0.002206 0.000000
8 0.004861 0.000000
9 -0.007731 0.000000
10 0.009486 0.000000
11 -0.008279 0.000000
12 0.002612 0.000000
13 0.007230 0.000000
14 -0.017843 0.000000
15 0.022838 0.000000
16 -0.015754 0.000000
17 -0.004496 0.000000
18 0.028856 0.000000
19 -0.039563 0.000000
20 0.021499 0.000000
21 0.021065 0.000000
22 -0.057271 0.000000
23 0.047878 0.000000
24 0.014637 0.000000
25 -0.079491 0.000000
26 0.069657 0.000000
27 0.030664 0.000000
28 -0.121287 0.000000
29 0.069631 0.000000
30 0.103578 0.000000
31 -0.172898 0.000000
32 -0.024089 0.000000
33 0.256395 0.000000
34 -0.096588 0.000000
35 -0.335856 0.000000
36 0.247428 0.000000
37 0.472822 0.000000
38 -0.412380 0.000000
39 -0.796803 0.000000
40 0.487033 0.000002
41 1.554455 0.000086
42 0.167689 0.002228
43 -2.288206 0.034853
44 -1.846667 0.330672
45 3.280965 1.902885
46 10.472903 6.641720
47 15.293619 14.060521
48 15.384489 18.054067
49 11.702991 14.060521
50 6.879224 6.641720
51 3.034482 1.902885
52 0.866810 0.330672
53 0.024033 0.034853
54 -0.138637 0.002228
55 -0.088149 0.000086
56 -0.028583 0.000002
57 -0.002353 0.000000
58 0.002803 0.000000
59 0.001671 0.000000
60 0.000395 0.000000
61 0.000007 0.000000
62 -0.000128 0.000000
63 0.000120 0.000000
