0 1.000000 6.382772 0.001432
1 1.000000 6.382468 0.002860
2 1.000000 6.382165 0.004284
3 1.000000 6.381863 0.005704
4 1.000000 6.381560 0.007120
5 1.000000 6.381259 0.008532
6 1.000000 6.380958 0.009940
7 1.000000 6.380658 0.011343
8 1.000000 6.380358 0.012743
9 1.000000 6.380059 0.014139
10 1.000000 6.379760 0.015531
11 1.000000 6.379462 0.016919
12 1.000000 6.379164 0.018303
13 1.000000 6.378867 0.019683
14 1.000000 6.378571 0.021059
15 1.000000 6.378275 0.022431
16 1.000000 6.377979 0.023800
17 1.000000 6.377684 0.025165
18 1.000000 6.377390 0.026526
19 1.000000 6.377096 0.027883
20 1.000000 6.376802 0.029236
21 1.000000 6.376509 0.030586
22 1.000000 6.376217 0.031932
23 1.000000 6.375925 0.033274
24 1.000000 6.375634 0.034613
25 1.000000 6.375343 0.035948
26 1.000000 6.375052 0.037280
27 1.000000 6.374762 0.038608
28 1.000000 6.374473 0.039932
29 1.000000 6.374184 0.041252
30 1.000000 6.373895 0.042570
31 1.000000 6.373607 0.043883
32 1.000000 6.373320 0.045193
33 1.000000 6.373033 0.046500
34 1.000000 6.372746 0.047803
35 1.000000 6.372460 0.049103
36 1.000000 6.372174 0.050399
37 1.000000 6.371889 0.051692
38 1.000000 6.371604 0.052981
39 1.000000 6.371320 0.054267
40 1.000000 6.371036 0.055550
41 1.000000 6.370753 0.056830
42 1.000000 6.370470 0.058106
43 1.000000 6.370187 0.059378
44 1.000000 6.369905 0.060648
45 1.000000 6.369624 0.061914
46 1.000000 6.369343 0.063177
47 1.000000 6.369062 0.064437
48 1.000000 6.368782 0.065693
49 1.000000 6.368502 0.066946
50 1.000000 6.368222 0.068197
51 1.000000 6.367943 0.069443
52 1.000000 6.367664 0.070687
53 1.000000 6.367386 0.071928
54 1.000000 6.367109 0.073165
55 1.000000 6.366831 0.074400
56 1.000000 6.366554 0.075631
57 1.000000 6.366278 0.076860
58 1.000000 6.366002 0.078085
59 1.000000 6.365726 0.079307
60 1.000000 6.365451 0.080526
61 1.000000 6.365176 0.081742
62 1.000000 6.364901 0.082955
63 1.000000 6.364627 0.084166
64 1.000000 6.364353 0.085373
65 1.000000 6.364080 0.086577
66 1.000000 6.363807 0.087779
67 1.000000 6.363534 0.088977
68 1.000000 6.363262 0.090173
69 1.000000 6.362991 0.091365
70 1.000000 6.362719 0.092555
71 1.000000 6.362448 0.093742
72 1.000000 6.362178 0.094926
73 1.000000 6.361907 0.096108
74 1.000000 6.361638 0.097286
75 1.000000 6.361368 0.098462
76 1.000000 6.361099 0.099635
77 1.000000 6.360830 0.100805
78 1.000000 6.360562 0.101972
79 1.000000 6.360294 0.103137
80 1.000000 6.360026 0.104299
81 1.000000 6.359759 0.105458
82 1.000000 6.359492 0.106615
83 1.000000 6.359226 0.107768
84 1.000000 6.358960 0.108920
85 1.000000 6.358694 0.110068
86 1.000000 6.358428 0.111214
87 1.000000 6.358163 0.112357
88 1.000000 6.357898 0.113498
89 1.000000 6.357634 0.114636
90 1.000000 6.357370 0.115771
91 1.000000 6.357106 0.116904
92 1.000000 6.356843 0.118034
93 1.000000 6.356580 0.119162
94 1.000000 6.356317 0.120287
95 1.000000 6.356055 0.121410
96 1.000000 6.355793 0.122530
97 1.000000 6.355532 0.123647
98 1.000000 6.355270 0.124762
99 1.000000 6.355009 0.125875
100 1.000000 6.354749 0.126985
101 1.000000 6.354489 0.128093
102 1.000000 6.354229 0.129198
103 1.000000 6.353969 0.130301
104 1.000000 6.353710 0.131401
105 1.000000 6.353451 0.132499
106 1.000000 6.353192 0.133595
107 1.000000 6.352934 0.134688
108 1.000000 6.352676 0.135779
109 1.000000 6.352418 0.136867
110 1.000000 6.352161 0.137953
111 1.000000 6.351904 0.139037
112 1.000000 6.351647 0.140118
113 1.000000 6.351391 0.141197
114 1.000000 6.351135 0.142274
115 1.000000 6.350879 0.143348
116 1.000000 6.350624 0.144420
117 1.000000 6.350369 0.145490
118 1.000000 6.350114 0.146558
119 1.000000 6.349860 0.147623
120 1.000000 6.349606 0.148686
121 1.000000 6.349352 0.149747
122 1.000000 6.349098 0.150805
123 1.000000 6.348845 0.151862
124 1.000000 6.348592 0.152916
125 1.000000 6.348339 0.153968
126 1.000000 6.348087 0.155018
127 1.000000 6.347835 0.156065
