0 1.000000 6.305787 0.001693
1 1.000000 6.231198 0.003188
2 1.000000 6.159159 0.004509
3 1.000000 6.089528 0.005676
4 1.000000 6.022177 0.006708
5 1.000000 5.956984 0.007620
6 1.000000 5.893838 0.008426
7 1.000000 5.832635 0.009137
8 1.000000 5.773278 0.009764
9 1.000000 5.715678 0.010316
10 1.000000 5.659749 0.010802
11 1.000000 5.605414 0.011228
12 1.000000 5.552598 0.011601
13 1.000000 5.501234 0.011927
14 1.000000 5.451255 0.012209
15 1.000000 5.402602 0.012454
16 1.000000 5.355218 0.012663
17 1.000000 5.309047 0.012843
18 1.000000 5.264041 0.012994
19 1.000000 5.220151 0.013120
20 1.000000 5.177332 0.013224
21 1.000000 5.135541 0.013308
22 1.000000 5.094739 0.013373
23 1.000000 5.054887 0.013422
24 1.000000 5.015949 0.013456
25 1.000000 4.977891 0.013477
26 1.000000 4.940681 0.013486
27 1.000000 4.904287 0.013484
28 1.000000 4.868681 0.013472
29 1.000000 4.833834 0.013452
30 1.000000 4.799720 0.013423
31 1.000000 4.766314 0.013388
