0 1.000000 6.305787 0.001693
1 1.000000 6.231198 0.003188
2 1.000000 6.159159 0.004509
3 1.000000 6.089528 0.005676
4 1.000000 6.022177 0.006708
5 1.000000 5.956984 0.007620
6 1.000000 5.893838 0.008426
7 1.000000 5.832635 0.009137
8 1.000000 5.773278 0.009764
9 1.000000 5.715678 0.010316
10 1.000000 5.659749 0.010802
11 1.000000 5.605414 0.011228
12 1.000000 5.552598 0.011601
13 1.000000 5.501234 0.011927
14 1.000000 5.451255 0.012209
15 1.000000 5.402602 0.012454
16 1.000000 5.355218 0.012663
17 1.000000 5.309047 0.012843
18 1.000000 5.264041 0.012994
19 1.000000 5.220151 0.013120
20 1.000000 5.177332 0.013224
21 1.000000 5.135541 0.013308
22 1.000000 5.094739 0.013373
23 1.000000 5.054887 0.013422
24 1.000000 5.015949 0.013456
25 1.000000 4.977891 0.013477
26 1.000000 4.940681 0.013486
27 1.000000 4.904287 0.013484
28 1.000000 4.868681 0.013472
29 1.000000 4.833834 0.013452
30 1.000000 4.799720 0.013423
31 1.000000 4.766314 0.013388
32 1.000000 4.733592 0.013346
33 1.000000 4.701531 0.013298
34 1.000000 4.670109 0.013246
35 1.000000 4.639306 0.013188
36 1.000000 4.609101 0.013127
37 1.000000 4.579475 0.013062
38 1.000000 4.550410 0.012994
39 1.000000 4.521889 0.012923
40 1.000000 4.493895 0.012850
41 1.000000 4.466412 0.012774
42 1.000000 4.439425 0.012696
43 1.000000 4.412919 0.012617
44 1.000002 4.386880 0.012536
45 1.000005 4.361295 0.012454
46 1.000015 4.336150 0.012371
47 1.000040 4.311434 0.012291
48 1.000098 4.287135 0.012226
49 1.000224 4.263247 0.012237
50 1.000474 4.239779 0.012522
51 1.000934 4.216788 0.013602
52 1.001719 4.194455 0.016369
53 1.002963 4.173232 0.021679
54 1.004797 4.154044 0.029820
55 1.007309 4.138437 0.040466
56 1.010502 4.128451 0.052830
57 1.014254 4.125964 0.065775
58 1.018303 4.131507 0.077972
59 1.022269 4.143020 0.088126
60 1.025703 4.155429 0.095252
61 1.028176 4.161750 0.098956
62 1.029369 4.155561 0.099697
63 1.029138 4.133648 0.098880
64 1.027547 4.097324 0.098567
65 1.024843 4.051673 0.100582
66 1.021396 4.003267 0.105440
67 1.017620 3.957712 0.112147
68 1.013894 3.918222 0.119062
69 1.010507 3.885531 0.124852
70 1.007631 3.858709 0.128899
71 1.005334 3.836167 0.131217
72 1.003595 3.816387 0.132175
73 1.002340 3.798245 0.132240
74 1.001475 3.781036 0.131803
75 1.000902 3.764371 0.131124
76 1.000536 3.748059 0.130351
77 1.000310 3.732009 0.129552
78 1.000175 3.716183 0.128753
79 1.000097 3.700564 0.127965
80 1.000052 3.685141 0.127188
81 1.000028 3.669910 0.126424
82 1.000014 3.654867 0.125670
83 1.000007 3.640006 0.124927
84 1.000004 3.625325 0.124194
85 1.000002 3.610820 0.123472
86 1.000001 3.596487 0.122759
87 1.000000 3.582323 0.122056
88 1.000000 3.568325 0.121362
89 1.000000 3.554489 0.120678
90 1.000000 3.540813 0.120002
91 1.000000 3.527293 0.119336
92 1.000000 3.513926 0.118678
93 1.000000 3.500710 0.118028
94 1.000000 3.487641 0.117387
95 1.000000 3.474718 0.116754
96 1.000000 3.461937 0.116129
97 1.000000 3.449295 0.115512
98 1.000000 3.436791 0.114902
99 1.000000 3.424422 0.114300
100 1.000000 3.412185 0.113705
101 1.000000 3.400078 0.113118
102 1.000000 3.388099 0.112538
103 1.000000 3.376245 0.111964
104 1.000000 3.364514 0.111397
105 1.000000 3.352905 0.110837
106 1.000000 3.341415 0.110284
107 1.000000 3.330042 0.109737
108 1.000000 3.318785 0.109197
109 1.000000 3.307640 0.108662
110 1.000000 3.296607 0.108134
111 1.000000 3.285683 0.107612
112 1.000000 3.274867 0.107095
113 1.000000 3.264157 0.106584
114 1.000000 3.253551 0.106079
115 1.000000 3.243048 0.105580
116 1.000000 3.232646 0.105086
117 1.000000 3.222343 0.104598
118 1.000000 3.212138 0.104114
119 1.000000 3.202029 0.103636
120 1.000000 3.192014 0.103164
121 1.000000 3.182093 0.102696
122 1.000000 3.172264 0.102233
123 1.000000 3.162525 0.101775
124 1.000000 3.152875 0.101321
125 1.000000 3.143313 0.100873
126 1.000000 3.133838 0.100429
127 1.000000 3.124447 0.099990
