0 1.000000 6.383071 0.000046
1 1.000000 6.383066 0.000092
2 1.000000 6.383061 0.000139
3 1.000000 6.383056 0.000185
4 1.000000 6.383051 0.000231
5 1.000000 6.383046 0.000277
6 1.000000 6.383041 0.000323
7 1.000000 6.383036 0.000369
8 1.000000 6.383031 0.000416
9 1.000000 6.383026 0.000462
10 1.000000 6.383021 0.000508
11 1.000000 6.383016 0.000554
12 1.000000 6.383011 0.000600
13 1.000000 6.383006 0.000646
14 1.000000 6.383001 0.000693
15 1.000000 6.382996 0.000739
16 1.000000 6.382991 0.000785
17 1.000000 6.382986 0.000831
18 1.000000 6.382981 0.000877
19 1.000000 6.382977 0.000923
20 1.000000 6.382972 0.000970
21 1.000000 6.382967 0.001016
22 1.000000 6.382962 0.001062
23 1.000000 6.382957 0.001108
24 1.000000 6.382952 0.001154
25 1.000000 6.382947 0.001200
26 1.000000 6.382942 0.001246
27 1.000000 6.382937 0.001292
28 1.000000 6.382932 0.001339
29 1.000000 6.382927 0.001385
30 1.000000 6.382922 0.001431
31 1.000000 6.382917 0.001477
32 1.000000 6.382912 0.001523
33 1.000000 6.382907 0.001569
34 1.000000 6.382902 0.001615
35 1.000000 6.382897 0.001661
36 1.000000 6.382892 0.001707
37 1.000000 6.382887 0.001754
38 1.000000 6.382882 0.001800
39 1.000000 6.382877 0.001846
40 1.000000 6.382872 0.001892
41 1.000000 6.382867 0.001938
42 1.000000 6.382862 0.001984
43 1.000000 6.382857 0.002030
44 1.000000 6.382852 0.002076
45 1.000000 6.382847 0.002122
46 1.000000 6.382842 0.002168
47 1.000000 6.382837 0.002214
48 1.000000 6.382832 0.002260
49 1.000000 6.382827 0.002307
50 1.000000 6.382822 0.002353
51 1.000000 6.382817 0.002399
52 1.000000 6.382812 0.002445
53 1.000000 6.382807 0.002491
54 1.000000 6.382802 0.002537
55 1.000000 6.382797 0.002583
56 1.000000 6.382792 0.002629
57 1.000000 6.382787 0.002675
58 1.000000 6.382782 0.002721
59 1.000000 6.382777 0.002767
60 1.000000 6.382772 0.002813
61 1.000000 6.382767 0.002859
62 1.000000 6.382762 0.002905
63 1.000000 6.382757 0.002951
64 1.000000 6.382752 0.002997
65 1.000000 6.382747 0.003043
66 1.000000 6.382742 0.003089
67 1.000000 6.382737 0.003135
68 1.000000 6.382732 0.003181
69 1.000000 6.382727 0.003227
70 1.000000 6.382722 0.003273
71 1.000000 6.382717 0.003319
72 1.000000 6.382712 0.003365
73 1.000000 6.382707 0.003411
74 1.000000 6.382702 0.003457
75 1.000000 6.382697 0.003503
76 1.000000 6.382692 0.003549
77 1.000000 6.382687 0.003595
78 1.000000 6.382682 0.003641
79 1.000000 6.382677 0.003687
80 1.000000 6.382672 0.003733
81 1.000000 6.382667 0.003779
82 1.000000 6.382662 0.003825
83 1.000000 6.382657 0.003871
84 1.000000 6.382652 0.003917
85 1.000000 6.382647 0.003963
86 1.000000 6.382642 0.004009
87 1.000000 6.382637 0.004055
88 1.000000 6.382632 0.004101
89 1.000000 6.382627 0.004147
90 1.000000 6.382622 0.004193
91 1.000000 6.382617 0.004239
92 1.000000 6.382612 0.004285
93 1.000000 6.382607 0.004331
94 1.000000 6.382602 0.004377
95 1.000000 6.382597 0.004423
96 1.000000 6.382592 0.004469
97 1.000000 6.382587 0.004515
98 1.000000 6.382582 0.004561
99 1.000000 6.382577 0.004607
100 1.000000 6.382572 0.004653
101 1.000000 6.382567 0.004699
102 1.000000 6.382562 0.004744
103 1.000000 6.382557 0.004790
104 1.000000 6.382552 0.004836
105 1.000000 6.382547 0.004882
106 1.000000 6.382542 0.004928
107 1.000000 6.382537 0.004974
108 1.000000 6.382532 0.005020
109 1.000000 6.382527 0.005066
110 1.000000 6.382522 0.005112
111 1.000000 6.382517 0.005158
112 1.000000 6.382512 0.005204
113 1.000000 6.382508 0.005250
114 1.000000 6.382503 0.005295
115 1.000000 6.382498 0.005341
116 1.000000 6.382493 0.005387
117 1.000000 6.382488 0.005433
118 1.000000 6.382483 0.005479
119 1.000000 6.382478 0.005525
120 1.000000 6.382473 0.005571
121 1.000000 6.382468 0.005617
122 1.000000 6.382463 0.005663
123 1.000000 6.382458 0.005708
124 1.000000 6.382453 0.005754
125 1.000000 6.382448 0.005800
126 1.000000 6.382443 0.005846
127 1.000000 6.382438 0.005892
128 1.000000 6.382433 0.005938
129 1.000000 6.382428 0.005984
130 1.000000 6.382423 0.006030
131 1.000000 6.382418 0.006075
132 1.000000 6.382413 0.006121
133 1.000000 6.382408 0.006167
134 1.000000 6.382403 0.006213
135 1.000000 6.382398 0.006259
136 1.000000 6.382393 0.006305
137 1.000000 6.382388 0.006350
138 1.000000 6.382383 0.006396
139 1.000000 6.382378 0.006442
140 1.000000 6.382373 0.006488
141 1.000000 6.382368 0.006534
142 1.000000 6.382363 0.006580
143 1.000000 6.382358 0.006626
144 1.000000 6.382353 0.006671
145 1.000000 6.382348 0.006717
146 1.000000 6.382343 0.006763
147 1.000000 6.382338 0.006809
148 1.000000 6.382333 0.006855
149 1.000000 6.382328 0.006900
150 1.000000 6.382323 0.006946
151 1.000000 6.382318 0.006992
152 1.000000 6.382313 0.007038
153 1.000000 6.382308 0.007084
154 1.000000 6.382303 0.007129
155 1.000000 6.382298 0.007175
156 1.000000 6.382293 0.007221
157 1.000000 6.382289 0.007267
158 1.000000 6.382284 0.007313
159 1.000000 6.382279 0.007358
160 1.000000 6.382274 0.007404
161 1.000000 6.382269 0.007450
162 1.000000 6.382264 0.007496
163 1.000000 6.382259 0.007541
164 1.000000 6.382254 0.007587
165 1.000000 6.382249 0.007633
166 1.000000 6.382244 0.007679
167 1.000000 6.382239 0.007725
168 1.000000 6.382234 0.007770
169 1.000000 6.382229 0.007816
170 1.000000 6.382224 0.007862
171 1.000000 6.382219 0.007908
172 1.000000 6.382214 0.007953
173 1.000000 6.382209 0.007999
174 1.000000 6.382204 0.008045
175 1.000000 6.382199 0.008091
176 1.000000 6.382194 0.008136
177 1.000000 6.382189 0.008182
178 1.000000 6.382184 0.008228
179 1.000000 6.382179 0.008274
180 1.000000 6.382174 0.008319
181 1.000000 6.382169 0.008365
182 1.000000 6.382164 0.008411
183 1.000000 6.382159 0.008456
184 1.000000 6.382154 0.008502
185 1.000000 6.382149 0.008548
186 1.000000 6.382144 0.008594
187 1.000000 6.382139 0.008639
188 1.000000 6.382134 0.008685
189 1.000000 6.382129 0.008731
190 1.000000 6.382124 0.008776
191 1.000000 6.382120 0.008822
