0 1.000000 6.368666 0.037879
1 1.000000 6.354932 0.073181
2 1.000000 6.341807 0.105974
3 1.000000 6.329232 0.136490
4 1.000000 6.317155 0.165010
5 1.000000 6.305532 0.191792
6 1.000000 6.294326 0.217054
7 1.000000 6.283502 0.240977
8 1.000000 6.273030 0.263708
9 1.000000 6.262884 0.285372
10 1.000000 6.253041 0.306070
11 1.000000 6.243480 0.325893
12 1.000000 6.234182 0.344915
13 1.000000 6.225130 0.363203
14 1.000000 6.216309 0.380815
15 1.000000 6.207706 0.397801
16 1.000000 6.199308 0.414207
17 1.000000 6.191103 0.430069
18 1.000000 6.183082 0.445431
19 1.000000 6.175235 0.460321
20 1.000000 6.167553 0.474761
21 1.000000 6.160028 0.488785
22 1.000000 6.152653 0.502424
23 1.000000 6.145421 0.515693
24 1.000000 6.138325 0.528603
25 1.000000 6.131360 0.541176
26 1.000000 6.124520 0.553439
27 1.000000 6.117800 0.565408
28 1.000000 6.111196 0.577094
29 1.000000 6.104702 0.588503
30 1.000000 6.098314 0.599648
31 1.000000 6.092029 0.610545
32 1.000000 6.085842 0.621208
33 1.000000 6.079751 0.631646
34 1.000000 6.073752 0.641870
35 1.000000 6.067841 0.651884
36 1.000000 6.062017 0.661696
37 1.000000 6.056275 0.671316
38 1.000000 6.050614 0.680750
39 1.000000 6.045030 0.690004
40 1.000000 6.039522 0.699089
41 1.000000 6.034087 0.708012
42 1.000000 6.028723 0.716774
43 1.000000 6.023428 0.725380
44 1.000000 6.018200 0.733840
45 1.000000 6.013037 0.742158
46 1.000000 6.007937 0.750336
47 1.000000 6.002898 0.758377
48 1.000000 5.997919 0.766288
49 1.000000 5.992999 0.774076
50 1.000000 5.988135 0.781742
51 1.000000 5.983327 0.789288
52 1.000000 5.978572 0.796719
53 1.000000 5.973870 0.804039
54 1.000000 5.969220 0.811251
55 1.000000 5.964619 0.818359
56 1.000000 5.960067 0.825365
57 1.000000 5.955563 0.832270
58 1.000000 5.951106 0.839078
59 1.000000 5.946694 0.845794
60 1.000000 5.942326 0.852418
61 1.000000 5.938002 0.858952
62 1.000000 5.933721 0.865400
63 1.000000 5.929481 0.871763
