0 0.000821 0.000000
1 -0.000714 0.000000
2 0.000550 0.000000
3 -0.000512 0.000000
4 0.000595 0.000000
5 -0.000852 0.000000
6 0.001115 0.000000
7 -0.000184 0.000000
8 -0.001797 0.000000
9 0.000176 0.000000
10 0.004886 0.000000
11 0.000667 0.000000
12 -0.014335 0.000000
13 -0.001230 0.000000
14 0.028694 0.000000
15 0.017384 0.000000
16 -0.057190 0.000000
17 -0.065747 0.000000
18 0.078054 0.000000
19 0.185306 0.000000
20 -0.011482 0.000000
21 -0.374306 0.000000
22 -0.311988 0.000000
23 0.403066 0.000000
24 1.028468 0.000002
25 0.469550 0.000086
26 -1.212600 0.002228
27 -2.248348 0.034853
28 -0.521514 0.330672
29 4.354906 1.902885
30 10.336086 6.641720
31 14.399104 14.060521
32 14.711218 18.054067
33 11.678699 14.060521
34 7.237709 6.641720
35 3.339785 1.902885
36 0.946779 0.330672
37 -0.047211 0.034853
38 -0.220807 0.002228
39 -0.125040 0.000086
40 -0.026513 0.000002
41 0.008544 0.000000
42 0.009135 0.000000
43 0.002670 0.000000
44 -0.000487 0.000000
45 -0.000732 0.000000
46 0.000170 0.000000
47 -0.000481 0.000000
48 0.000670 0.000000
49 -0.000578 0.000000
50 0.000380 0.000000
51 -0.000077 0.000000
52 -0.000295 0.000000
53 0.000686 0.000000
54 -0.001056 0.000000
55 0.001331 0.000000
56 -0.001414 0.000000
57 0.001250 0.000000
58 -0.000889 0.000000
59 0.000468 0.000000
60 -0.000109 0.000000
61 -0.000178 0.000000
62 0.000455 0.000000
63 -0.000713 0.000000
