0 0.000000 0.000000
1 0.000000 0.000000
2 0.000000 0.000000
3 0.000000 0.000000
4 0.000000 0.000000
5 -0.000000 0.000000
6 0.000000 0.000000
7 0.000000 0.000000
8 -0.000000 0.000000
9 0.000000 0.000000
10 -0.000000 0.000000
11 0.000000 0.000000
12 -0.000000 0.000000
13 0.000000 0.000000
14 -0.000000 0.000000
15 -0.000000 0.000000
16 0.000000 0.000000
17 -0.000000 0.000000
18 0.000000 0.000000
19 -0.000000 0.000000
20 0.000000 0.000000
21 -0.000000 0.000000
22 -0.000000 0.000000
23 0.000000 0.000000
24 -0.000000 0.000000
25 0.000000 0.000000
26 -0.000000 0.000000
27 0.000000 0.000000
28 0.000000 0.000000
29 -0.000000 0.000000
30 0.000000 0.000000
31 -0.000000 0.000000
32 0.000000 0.000000
33 -0.000000 0.000000
34 0.000000 0.000000
35 0.000000 0.000000
36 -0.000000 0.000000
37 0.000000 0.000000
38 -0.000000 0.000000
39 0.000000 0.000000
40 0.000000 0.000000
41 -0.000000 0.000000
42 0.000000 0.000000
43 -0.000000 0.000000
44 0.000000 0.000000
45 -0.000000 0.000000
46 -0.000000 0.000000
47 0.000000 0.000000
48 0.000000 0.000000
49 -0.000000 0.000000
50 0.000000 0.000000
51 0.000000 0.000000
52 -0.000000 0.000000
53 -0.000000 0.000000
54 0.000000 0.000000
55 -0.000000 0.000000
56 -0.000000 0.000000
57 0.000000 0.000000
58 0.000000 0.000000
59 -0.000000 0.000000
60 0.000000 0.000000
61 0.000000 0.000000
62 -0.000000 0.000000
63 -0.000000 0.000000
64 0.000000 0.000000
65 0.000000 0.000000
66 0.000000 0.000000
67 0.000000 0.000000
68 0.000000 0.000000
69 0.000000 0.000000
70 0.000000 0.000000
71 0.000000 0.000000
72 0.000000 0.000000
73 0.000001 0.000000
74 0.000004 0.000001
75 0.000013 0.000003
76 0.000041 0.000013
77 0.000125 0.000048
78 0.000368 0.000175
79 0.001042 0.000590
80 0.002826 0.001856
81 0.007341 0.005445
82 0.018223 0.014905
83 0.043139 0.038061
84 0.097156 0.090671
85 0.207640 0.201511
86 0.419973 0.417803
87 0.801547 0.808138
88 1.439173 1.458277
89 2.423912 2.454907
90 3.819913 3.855411
91 5.621829 5.648681
92 7.716229 7.720832
93 9.869460 9.845137
94 11.759754 11.711705
95 13.053388 12.997479
96 13.501197 13.456707
97 13.016944 12.997479
98 11.703763 11.711705
99 9.817908 9.845137
100 7.687335 7.720832
101 5.620329 5.648681
102 3.838099 3.855411
103 2.448790 2.454907
104 1.460006 1.458277
105 0.813566 0.808138
106 0.423761 0.417803
107 0.206345 0.201511
108 0.093945 0.090671
109 0.039999 0.038061
110 0.015932 0.014905
111 0.005939 0.005445
112 0.002073 0.001856
113 0.000678 0.000590
114 0.000208 0.000175
115 0.000060 0.000048
116 0.000016 0.000013
117 0.000004 0.000003
118 0.000001 0.000001
119 0.000000 0.000000
120 0.000000 0.000000
121 0.000000 0.000000
122 0.000000 0.000000
123 0.000000 0.000000
124 0.000000 0.000000
125 0.000000 0.000000
126 0.000000 0.000000
127 0.000000 0.000000
