0 1.000000 6.305785 0.001250
1 1.000000 6.231195 0.002364
2 1.000000 6.159155 0.003356
3 1.000000 6.089524 0.004241
4 1.000000 6.022172 0.005031
5 1.000000 5.956979 0.005736
6 1.000000 5.893833 0.006366
7 1.000000 5.832630 0.006928
8 1.000000 5.773273 0.007429
9 1.000000 5.715672 0.007876
10 1.000000 5.659744 0.008274
11 1.000000 5.605409 0.008629
12 1.000000 5.552594 0.008944
13 1.000000 5.501229 0.009224
14 1.000000 5.451251 0.009471
15 1.000000 5.402598 0.009690
16 1.000000 5.355213 0.009882
17 1.000000 5.309043 0.010051
18 1.000000 5.264037 0.010198
19 1.000000 5.220147 0.010325
20 1.000000 5.177328 0.010435
21 1.000000 5.135538 0.010529
22 1.000000 5.094736 0.010608
23 1.000000 5.054884 0.010674
24 1.000000 5.015946 0.010728
25 1.000000 4.977888 0.010770
26 1.000000 4.940678 0.010803
27 1.000000 4.904284 0.010827
28 1.000000 4.868678 0.010842
29 1.000000 4.833831 0.010850
30 1.000000 4.799718 0.010851
31 1.000000 4.766312 0.010846
32 1.000000 4.733590 0.010835
33 1.000000 4.701529 0.010819
34 1.000000 4.670107 0.010798
35 1.000000 4.639304 0.010773
36 1.000000 4.609099 0.010744
37 1.000000 4.579473 0.010711
38 1.000000 4.550408 0.010675
39 1.000000 4.521887 0.010637
40 1.000000 4.493893 0.010596
41 1.000000 4.466411 0.010552
42 1.000000 4.439424 0.010506
43 1.000001 4.412918 0.010459
44 1.000002 4.386879 0.010409
45 1.000007 4.361294 0.010359
46 1.000020 4.336149 0.010308
47 1.000051 4.311433 0.010263
48 1.000124 4.287134 0.010253
49 1.000278 4.263249 0.010389
50 1.000584 4.239790 0.011015
51 1.001144 4.216832 0.012900
52 1.002100 4.194601 0.017099
53 1.003615 4.173659 0.024374
54 1.005847 4.155148 0.034922
55 1.008904 4.140972 0.048424
56 1.012785 4.133625 0.064039
57 1.017336 4.135363 0.080418
58 1.022232 4.146727 0.095853
59 1.027002 4.165044 0.108604
60 1.031099 4.183986 0.117336
61 1.034007 4.195033 0.121598
62 1.035352 4.190558 0.122189
63 1.034976 4.166995 0.121190
64 1.032975 4.126272 0.121323
65 1.029659 4.074726 0.124611
66 1.025484 4.020266 0.131191
67 1.020944 3.969481 0.139513
68 1.016487 3.926036 0.147596
69 1.012451 3.890670 0.154048
70 1.009033 3.862203 0.158351
71 1.006308 3.838733 0.160666
72 1.004246 3.818465 0.161486
73 1.002760 3.800078 0.161355
74 1.001736 3.782747 0.160706
75 1.001058 3.766020 0.159818
76 1.000626 3.749669 0.158841
77 1.000361 3.733592 0.157845
78 1.000202 3.717744 0.156856
79 1.000111 3.702104 0.155882
80 1.000059 3.686662 0.154923
81 1.000031 3.671412 0.153979
82 1.000016 3.656350 0.153050
83 1.000008 3.641471 0.152134
84 1.000004 3.626772 0.151230
85 1.000002 3.612249 0.150340
86 1.000001 3.597899 0.149461
87 1.000000 3.583719 0.148595
88 1.000000 3.569704 0.147740
89 1.000000 3.555852 0.146896
90 1.000000 3.542160 0.146064
91 1.000000 3.528625 0.145243
92 1.000000 3.515243 0.144432
93 1.000000 3.502012 0.143632
94 1.000000 3.488929 0.142842
95 1.000000 3.475991 0.142063
