0 1.000000 6.382770 0.000915
1 1.000000 6.382464 0.001828
2 1.000000 6.382158 0.002737
3 1.000000 6.381853 0.003644
4 1.000000 6.381549 0.004548
5 1.000000 6.381245 0.005449
6 1.000000 6.380942 0.006347
7 1.000000 6.380639 0.007243
8 1.000000 6.380337 0.008135
9 1.000000 6.380036 0.009026
10 1.000000 6.379735 0.009913
11 1.000000 6.379435 0.010798
12 1.000000 6.379135 0.011680
13 1.000000 6.378836 0.012560
14 1.000000 6.378537 0.013437
15 1.000000 6.378239 0.014312
16 1.000000 6.377942 0.015184
17 1.000000 6.377645 0.016054
18 1.000000 6.377348 0.016921
19 1.000000 6.377053 0.017786
20 1.000000 6.376757 0.018649
21 1.000000 6.376462 0.019509
22 1.000000 6.376168 0.020367
23 1.000000 6.375874 0.021222
24 1.000000 6.375581 0.022075
25 1.000000 6.375288 0.022926
26 1.000000 6.374996 0.023774
27 1.000000 6.374704 0.024621
28 1.000000 6.374413 0.025465
29 1.000000 6.374122 0.026306
30 1.000000 6.373832 0.027146
31 1.000000 6.373542 0.027983
32 1.000000 6.373253 0.028819
33 1.000000 6.372964 0.029652
34 1.000000 6.372676 0.030483
35 1.000000 6.372388 0.031312
36 1.000000 6.372101 0.032138
37 1.000000 6.371814 0.032963
38 1.000000 6.371527 0.033786
39 1.000000 6.371241 0.034606
40 1.000000 6.370956 0.035425
41 1.000000 6.370671 0.036241
42 1.000000 6.370386 0.037056
43 1.000000 6.370102 0.037868
44 1.000000 6.369819 0.038679
45 1.000000 6.369535 0.039487
46 1.000000 6.369253 0.040294
47 1.000000 6.368970 0.041099
48 1.000000 6.368689 0.041902
49 1.000000 6.368407 0.042702
50 1.000000 6.368126 0.043501
51 1.000000 6.367846 0.044299
52 1.000000 6.367566 0.045094
53 1.000000 6.367286 0.045887
54 1.000000 6.367007 0.046679
55 1.000000 6.366728 0.047469
56 1.000000 6.366449 0.048256
57 1.000000 6.366172 0.049043
58 1.000000 6.365894 0.049827
59 1.000000 6.365617 0.050609
60 1.000000 6.365340 0.051390
61 1.000000 6.365064 0.052169
62 1.000000 6.364788 0.052946
63 1.000000 6.364512 0.053722
64 1.000000 6.364237 0.054496
65 1.000000 6.363963 0.055268
66 1.000000 6.363689 0.056038
67 1.000000 6.363415 0.056807
68 1.000000 6.363141 0.057574
69 1.000000 6.362868 0.058339
70 1.000000 6.362595 0.059103
71 1.000000 6.362323 0.059865
72 1.000000 6.362051 0.060625
73 1.000000 6.361780 0.061384
74 1.000000 6.361509 0.062141
75 1.000000 6.361238 0.062897
76 1.000000 6.360968 0.063651
77 1.000000 6.360698 0.064403
78 1.000000 6.360428 0.065154
79 1.000000 6.360159 0.065903
80 1.000000 6.359890 0.066651
81 1.000000 6.359622 0.067397
82 1.000000 6.359354 0.068142
83 1.000000 6.359086 0.068885
84 1.000000 6.358818 0.069626
85 1.000000 6.358551 0.070366
86 1.000000 6.358285 0.071104
87 1.000000 6.358019 0.071841
88 1.000000 6.357753 0.072577
89 1.000000 6.357487 0.073311
90 1.000000 6.357222 0.074043
91 1.000000 6.356957 0.074774
92 1.000000 6.356693 0.075504
93 1.000000 6.356429 0.076232
94 1.000000 6.356165 0.076959
95 1.000000 6.355902 0.077684
96 1.000000 6.355639 0.078408
97 1.000000 6.355376 0.079130
98 1.000000 6.355113 0.079851
99 1.000000 6.354851 0.080571
100 1.000000 6.354590 0.081289
101 1.000000 6.354328 0.082006
102 1.000000 6.354067 0.082721
103 1.000000 6.353807 0.083435
104 1.000000 6.353547 0.084148
105 1.000000 6.353287 0.084859
106 1.000000 6.353027 0.085569
107 1.000000 6.352768 0.086277
108 1.000000 6.352509 0.086985
109 1.000000 6.352250 0.087690
110 1.000000 6.351992 0.088395
111 1.000000 6.351734 0.089098
112 1.000000 6.351476 0.089800
113 1.000000 6.351219 0.090501
114 1.000000 6.350962 0.091200
115 1.000000 6.350705 0.091898
116 1.000000 6.350449 0.092595
117 1.000000 6.350193 0.093290
118 1.000000 6.349937 0.093984
119 1.000000 6.349681 0.094677
120 1.000000 6.349426 0.095369
121 1.000000 6.349172 0.096059
122 1.000000 6.348917 0.096748
123 1.000000 6.348663 0.097436
124 1.000000 6.348409 0.098123
125 1.000000 6.348156 0.098808
126 1.000000 6.347902 0.099492
127 1.000000 6.347649 0.100175
