0 1.000000 6.305785 0.001250
1 1.000000 6.231195 0.002364
2 1.000000 6.159155 0.003356
3 1.000000 6.089524 0.004241
4 1.000000 6.022172 0.005031
5 1.000000 5.956979 0.005736
6 1.000000 5.893833 0.006366
7 1.000000 5.832630 0.006928
8 1.000000 5.773273 0.007429
9 1.000000 5.715672 0.007876
10 1.000000 5.659744 0.008274
11 1.000000 5.605409 0.008629
12 1.000000 5.552594 0.008944
13 1.000000 5.501229 0.009224
14 1.000000 5.451251 0.009471
15 1.000000 5.402598 0.009690
16 1.000000 5.355213 0.009882
17 1.000000 5.309043 0.010051
18 1.000000 5.264037 0.010198
19 1.000000 5.220147 0.010325
20 1.000000 5.177328 0.010435
21 1.000000 5.135538 0.010529
22 1.000000 5.094736 0.010608
23 1.000000 5.054884 0.010674
24 1.000000 5.015946 0.010728
25 1.000000 4.977888 0.010770
26 1.000000 4.940678 0.010803
27 1.000000 4.904284 0.010827
28 1.000000 4.868678 0.010842
29 1.000000 4.833831 0.010850
30 1.000000 4.799718 0.010851
31 1.000000 4.766312 0.010846
