0 1.000000 6.382770 0.000915
1 1.000000 6.382464 0.001828
2 1.000000 6.382158 0.002737
3 1.000000 6.381853 0.003644
4 1.000000 6.381549 0.004548
5 1.000000 6.381245 0.005449
6 1.000000 6.380942 0.006347
7 1.000000 6.380639 0.007243
8 1.000000 6.380337 0.008135
9 1.000000 6.380036 0.009026
10 1.000000 6.379735 0.009913
11 1.000000 6.379435 0.010798
12 1.000000 6.379135 0.011680
13 1.000000 6.378836 0.012560
14 1.000000 6.378537 0.013437
15 1.000000 6.378239 0.014312
16 1.000000 6.377942 0.015184
17 1.000000 6.377645 0.016054
18 1.000000 6.377348 0.016921
19 1.000000 6.377053 0.017786
20 1.000000 6.376757 0.018649
21 1.000000 6.376462 0.019509
22 1.000000 6.376168 0.020367
23 1.000000 6.375874 0.021222
24 1.000000 6.375581 0.022075
25 1.000000 6.375288 0.022926
26 1.000000 6.374996 0.023774
27 1.000000 6.374704 0.024621
28 1.000000 6.374413 0.025465
29 1.000000 6.374122 0.026306
30 1.000000 6.373832 0.027146
31 1.000000 6.373542 0.027983
