0 0.000000 0.000000
1 0.000000 0.000000
2 0.000002 0.000001
3 0.000003 0.000002
4 0.000010 0.000005
5 0.000022 0.000015
6 0.000054 0.000039
7 0.000123 0.000100
8 0.000278 0.000247
9 0.000607 0.000586
10 0.001301 0.001339
11 0.002710 0.002952
12 0.005511 0.006273
13 0.010901 0.012848
14 0.020989 0.025365
15 0.039264 0.048267
16 0.071339 0.088531
17 0.125736 0.156524
18 0.214816 0.266746
19 0.355396 0.438176
20 0.568908 0.693797
21 0.880382 1.058887
22 1.316060 1.557759
23 1.899073 2.208940
24 2.643695 3.019263
25 3.548609 3.977876
26 4.591009 5.051668
27 5.723001 6.183747
28 6.872478 7.296287
29 7.949075 8.298229
30 8.855416 9.097083
31 9.501435 9.612851
32 9.819303 9.791192
33 9.775093 9.612851
34 9.374823 9.097083
35 8.662964 8.298229
36 7.714353 7.296287
37 6.621098 6.183747
38 5.478115 5.051668
39 4.369889 3.977876
40 3.361393 3.019263
41 2.493667 2.208940
42 1.784413 1.557759
43 1.231798 1.058887
44 0.820419 0.693797
45 0.527249 0.438176
46 0.327004 0.266746
47 0.195725 0.156524
48 0.113085 0.088531
49 0.063060 0.048267
50 0.033957 0.025365
51 0.017644 0.012848
52 0.008862 0.006273
53 0.004289 0.002952
54 0.002013 0.001339
55 0.000904 0.000586
56 0.000400 0.000247
57 0.000164 0.000100
58 0.000072 0.000039
59 0.000024 0.000015
60 0.000013 0.000005
61 0.000001 0.000002
62 0.000004 0.000001
63 -0.000002 0.000000
64 0.000003 0.000000
65 -0.000003 0.000000
66 0.000003 0.000000
67 -0.000002 0.000000
68 0.000002 0.000000
69 -0.000002 0.000000
70 0.000002 0.000000
71 -0.000002 0.000000
72 0.000002 0.000000
73 -0.000002 0.000000
74 0.000002 0.000000
75 -0.000002 0.000000
76 0.000002 0.000000
77 -0.000001 0.000000
78 0.000001 0.000000
79 -0.000001 0.000000
80 0.000001 0.000000
81 -0.000001 0.000000
82 0.000001 0.000000
83 -0.000001 0.000000
84 0.000001 0.000000
85 -0.000001 0.000000
86 0.000001 0.000000
87 -0.000001 0.000000
88 0.000001 0.000000
89 -0.000001 0.000000
90 0.000001 0.000000
91 -0.000001 0.000000
92 0.000001 0.000000
93 -0.000000 0.000000
94 0.000000 0.000000
95 -0.000000 0.000000
96 0.000000 0.000000
97 -0.000000 0.000000
98 0.000000 0.000000
99 -0.000000 0.000000
100 0.000000 0.000000
101 -0.000000 0.000000
102 0.000000 0.000000
103 -0.000000 0.000000
104 0.000000 0.000000
105 -0.000000 0.000000
106 0.000000 0.000000
107 -0.000000 0.000000
108 0.000000 0.000000
109 -0.000000 0.000000
110 0.000000 0.000000
111 -0.000000 0.000000
112 0.000000 0.000000
113 -0.000000 0.000000
114 0.000000 0.000000
115 -0.000000 0.000000
116 0.000000 0.000000
117 -0.000000 0.000000
118 0.000000 0.000000
119 -0.000000 0.000000
120 0.000000 0.000000
121 -0.000000 0.000000
122 0.000000 0.000000
123 -0.000000 0.000000
124 0.000000 0.000000
125 -0.000000 0.000000
126 0.000000 0.000000
127 0.000000 0.000000
