0 1.000000 6.383071 0.000028
1 1.000000 6.383066 0.000056
2 1.000000 6.383061 0.000084
3 1.000000 6.383056 0.000113
4 1.000000 6.383051 0.000141
5 1.000000 6.383046 0.000169
6 1.000000 6.383041 0.000197
7 1.000000 6.383036 0.000225
8 1.000000 6.383031 0.000253
9 1.000000 6.383026 0.000281
10 1.000000 6.383021 0.000310
11 1.000000 6.383016 0.000338
12 1.000000 6.383011 0.000366
13 1.000000 6.383006 0.000394
14 1.000000 6.383001 0.000422
15 1.000000 6.382996 0.000450
16 1.000000 6.382991 0.000478
17 1.000000 6.382986 0.000506
18 1.000000 6.382981 0.000535
19 1.000000 6.382976 0.000563
20 1.000000 6.382971 0.000591
21 1.000000 6.382966 0.000619
22 1.000000 6.382961 0.000647
23 1.000000 6.382956 0.000675
24 1.000000 6.382951 0.000703
25 1.000000 6.382946 0.000731
26 1.000000 6.382941 0.000759
27 1.000000 6.382936 0.000788
28 1.000000 6.382931 0.000816
29 1.000000 6.382926 0.000844
30 1.000000 6.382921 0.000872
31 1.000000 6.382916 0.000900
32 1.000000 6.382911 0.000928
33 1.000000 6.382906 0.000956
34 1.000000 6.382901 0.000984
35 1.000000 6.382896 0.001012
36 1.000000 6.382891 0.001040
37 1.000000 6.382886 0.001068
38 1.000000 6.382881 0.001097
39 1.000000 6.382876 0.001125
40 1.000000 6.382871 0.001153
41 1.000000 6.382866 0.001181
42 1.000000 6.382861 0.001209
43 1.000000 6.382857 0.001237
44 1.000000 6.382852 0.001265
45 1.000000 6.382847 0.001293
46 1.000000 6.382842 0.001321
47 1.000000 6.382837 0.001349
48 1.000000 6.382832 0.001377
49 1.000000 6.382827 0.001405
50 1.000000 6.382822 0.001433
51 1.000000 6.382817 0.001462
52 1.000000 6.382812 0.001490
53 1.000000 6.382807 0.001518
54 1.000000 6.382802 0.001546
55 1.000000 6.382797 0.001574
56 1.000000 6.382792 0.001602
57 1.000000 6.382787 0.001630
58 1.000000 6.382782 0.001658
59 1.000000 6.382777 0.001686
60 1.000000 6.382772 0.001714
61 1.000000 6.382767 0.001742
62 1.000000 6.382762 0.001770
63 1.000000 6.382757 0.001798
64 1.000000 6.382752 0.001826
65 1.000000 6.382747 0.001854
66 1.000000 6.382742 0.001882
67 1.000000 6.382737 0.001910
68 1.000000 6.382732 0.001938
69 1.000000 6.382727 0.001966
70 1.000000 6.382722 0.001995
71 1.000000 6.382717 0.002023
72 1.000000 6.382712 0.002051
73 1.000000 6.382707 0.002079
74 1.000000 6.382702 0.002107
75 1.000000 6.382697 0.002135
76 1.000000 6.382692 0.002163
77 1.000000 6.382687 0.002191
78 1.000000 6.382682 0.002219
79 1.000000 6.382677 0.002247
80 1.000000 6.382672 0.002275
81 1.000000 6.382667 0.002303
82 1.000000 6.382662 0.002331
83 1.000000 6.382657 0.002359
84 1.000000 6.382652 0.002387
85 1.000000 6.382647 0.002415
86 1.000000 6.382642 0.002443
87 1.000000 6.382637 0.002471
88 1.000000 6.382632 0.002499
89 1.000000 6.382627 0.002527
90 1.000000 6.382622 0.002555
91 1.000000 6.382617 0.002583
92 1.000000 6.382612 0.002611
93 1.000000 6.382607 0.002639
94 1.000000 6.382602 0.002667
95 1.000000 6.382597 0.002695
96 1.000000 6.382592 0.002723
97 1.000000 6.382587 0.002751
98 1.000000 6.382582 0.002779
99 1.000000 6.382577 0.002807
100 1.000001 6.382572 0.002835
101 1.000001 6.382567 0.002863
102 1.000003 6.382562 0.002891
103 1.000006 6.382557 0.002919
104 1.000012 6.382552 0.002949
105 1.000023 6.382547 0.002982
106 1.000045 6.382543 0.003029
107 1.000083 6.382539 0.003120
108 1.000151 6.382539 0.003334
109 1.000263 6.382548 0.003844
110 1.000446 6.382583 0.004925
111 1.000732 6.382683 0.006884
112 1.001163 6.382932 0.010007
113 1.001790 6.383504 0.014549
114 1.002669 6.384727 0.020740
115 1.003855 6.387155 0.028735
116 1.005397 6.391651 0.038557
117 1.007322 6.399396 0.050030
118 1.009629 6.411802 0.062747
119 1.012273 6.430236 0.076060
120 1.015166 6.455555 0.089135
121 1.018167 6.487539 0.101053
122 1.021097 6.524398 0.110963
123 1.023751 6.562607 0.118260
124 1.025924 6.597286 0.122754
125 1.027430 6.623148 0.124794
126 1.028136 6.635793 0.125279
127 1.027976 6.632928 0.125505
