0 17.991967 18.054067
1 17.940267 17.774164
2 17.326042 16.960226
3 16.221157 15.685645
4 14.722287 14.060521
5 12.953549 12.215993
6 11.049014 10.286897
7 9.136365 8.395921
8 7.323596 6.641720
9 5.690547 5.092383
10 4.285796 3.784338
11 3.128367 2.725756
12 2.212912 1.902885
13 1.516750 1.287556
14 1.007167 0.844400
15 0.647817 0.536733
16 0.403537 0.330672
17 0.243389 0.197453
18 0.142105 0.114277
19 0.080297 0.064104
20 0.043899 0.034853
21 0.023214 0.018366
22 0.011870 0.009380
23 0.005868 0.004644
24 0.002803 0.002228
25 0.001294 0.001036
26 0.000577 0.000467
27 0.000248 0.000204
28 0.000103 0.000086
29 0.000041 0.000035
30 0.000016 0.000014
31 0.000006 0.000005
32 0.000002 0.000002
33 0.000001 0.000001
34 0.000000 0.000000
35 0.000000 0.000000
36 0.000000 0.000000
37 0.000000 0.000000
38 0.000000 0.000000
39 0.000000 0.000000
40 0.000000 0.000000
41 0.000000 0.000000
42 0.000000 0.000000
43 0.000000 0.000000
44 0.000000 0.000000
45 0.000000 0.000000
46 0.000000 0.000000
47 -0.000000 0.000000
48 0.000000 0.000000
49 -0.000000 0.000000
50 0.000000 0.000000
51 -0.000000 0.000000
52 0.000000 0.000000
53 -0.000000 0.000000
54 0.000000 0.000000
55 -0.000000 0.000000
56 0.000000 0.000000
57 -0.000000 0.000000
58 0.000000 0.000000
59 -0.000000 0.000000
60 0.000000 0.000000
61 -0.000000 0.000000
62 0.000000 0.000000
63 -0.000000 0.000000
64 0.000000 0.000000
65 -0.000000 0.000000
66 0.000000 0.000000
67 -0.000000 0.000000
68 0.000000 0.000000
69 -0.000000 0.000000
70 0.000000 0.000000
71 -0.000000 0.000000
72 0.000000 0.000000
73 -0.000000 0.000000
74 0.000000 0.000000
75 -0.000000 0.000000
76 0.000000 0.000000
77 -0.000000 0.000000
78 0.000000 0.000000
79 -0.000000 0.000000
80 0.000000 0.000000
81 -0.000000 0.000000
82 0.000000 0.000000
83 -0.000000 0.000000
84 0.000000 0.000000
85 -0.000000 0.000000
86 0.000000 0.000000
87 -0.000000 0.000000
88 0.000000 0.000000
89 -0.000000 0.000000
90 0.000000 0.000000
91 -0.000000 0.000000
92 0.000000 0.000000
93 -0.000000 0.000000
94 0.000000 0.000000
95 -0.000000 0.000000
96 0.000000 0.000000
97 -0.000000 0.000000
98 0.000000 0.000000
99 -0.000000 0.000000
100 0.000000 0.000000
101 -0.000000 0.000000
102 0.000000 0.000000
103 -0.000000 0.000000
104 0.000000 0.000000
105 -0.000000 0.000000
106 0.000000 0.000000
107 -0.000000 0.000000
108 0.000000 0.000000
109 -0.000000 0.000000
110 0.000000 0.000000
111 -0.000000 0.000000
112 0.000000 0.000000
113 -0.000000 0.000000
114 0.000000 0.000000
115 -0.000000 0.000000
116 0.000000 0.000000
117 -0.000001 0.000000
118 0.000001 0.000000
119 -0.000001 0.000000
120 0.000001 0.000000
121 -0.000001 0.000000
122 0.000001 0.000000
123 -0.000002 0.000000
124 0.000002 0.000000
125 -0.000002 0.000000
126 0.000003 0.000000
127 -0.000003 0.000000
128 0.000004 0.000000
129 -0.000005 0.000000
130 0.000005 0.000000
131 -0.000007 0.000000
132 0.000008 0.000000
133 -0.000009 0.000000
134 0.000011 0.000000
135 -0.000013 0.000000
136 0.000015 0.000000
137 -0.000017 0.000000
138 0.000020 0.000000
139 -0.000024 0.000000
140 0.000028 0.000000
141 -0.000033 0.000000
142 0.000038 0.000000
143 -0.000044 0.000000
144 0.000052 0.000000
145 -0.000060 0.000000
146 0.000069 0.000000
147 -0.000080 0.000000
148 0.000093 0.000000
149 -0.000107 0.000000
150 0.000123 0.000000
151 -0.000142 0.000000
152 0.000163 0.000000
153 -0.000186 0.000000
154 0.000213 0.000000
155 -0.000244 0.000000
156 0.000278 0.000000
157 -0.000317 0.000000
158 0.000361 0.000000
159 -0.000409 0.000000
160 0.000464 0.000000
161 -0.000525 0.000000
162 0.000594 0.000000
163 -0.000670 0.000000
164 0.000754 0.000000
165 -0.000848 0.000000
166 0.000952 0.000000
167 -0.001066 0.000000
168 0.001193 0.000000
169 -0.001331 0.000000
170 0.001484 0.000000
171 -0.001651 0.000000
172 0.001833 0.000000
173 -0.002032 0.000000
174 0.002248 0.000000
175 -0.002483 0.000000
176 0.002737 0.000000
177 -0.003011 0.000000
178 0.003306 0.000000
179 -0.003623 0.000000
180 0.003963 0.000000
181 -0.004326 0.000000
182 0.004713 0.000000
183 -0.005125 0.000000
184 0.005560 0.000000
185 -0.006020 0.000000
186 0.006504 0.000000
187 -0.007013 0.000000
188 0.007544 0.000000
189 -0.008098 0.000000
190 0.008673 0.000000
191 -0.009267 0.000000
192 0.009879 0.000000
193 -0.010507 0.000000
194 0.011147 0.000000
195 -0.011797 0.000000
196 0.012453 0.000000
197 -0.013112 0.000000
198 0.013769 0.000000
199 -0.014419 0.000000
200 0.015058 0.000000
201 -0.015680 0.000000
202 0.016279 0.000000
203 -0.016848 0.000000
204 0.017382 0.000000
205 -0.017874 0.000000
206 0.018315 0.000000
207 -0.018700 0.000000
208 0.019020 0.000000
209 -0.019268 0.000000
210 0.019436 0.000000
211 -0.019518 0.000000
212 0.019505 0.000000
213 -0.019392 0.000000
214 0.019170 0.000000
215 -0.018834 0.000000
216 0.018379 0.000000
217 -0.017799 0.000000
218 0.017090 0.000000
219 -0.016248 0.000000
220 0.015271 0.000000
221 -0.014157 0.000000
222 0.012907 0.000000
223 -0.011516 0.000001
224 0.010002 0.000002
225 -0.008331 0.000005
226 0.006590 0.000014
227 -0.004599 0.000035
228 0.002780 0.000086
229 -0.000232 0.000204
230 -0.001075 0.000467
231 0.005281 0.001036
232 -0.003749 0.002228
233 0.014024 0.004644
234 -0.001095 0.009380
235 0.033175 0.018366
236 0.019729 0.034853
237 0.084080 0.064104
238 0.093798 0.114277
239 0.221275 0.197453
240 0.303272 0.330672
241 0.562176 0.536733
242 0.808569 0.844400
243 1.313287 1.287556
244 1.859708 1.902885
245 2.754108 2.725756
246 3.739577 3.784338
247 5.129708 5.092383
248 6.603523 6.641720
249 8.447492 8.395921
250 10.258591 10.286897
251 12.278553 12.215993
252 14.035206 14.060521
253 15.746351 15.685645
254 16.925361 16.960226
255 17.817228 17.774164
