0 1.000000 6.383072 0.000027
1 1.000000 6.383067 0.000054
2 1.000000 6.383062 0.000081
3 1.000000 6.383057 0.000108
4 1.000000 6.383053 0.000135
5 1.000000 6.383048 0.000162
6 1.000000 6.383043 0.000189
7 1.000000 6.383038 0.000217
8 1.000000 6.383034 0.000244
9 1.000000 6.383029 0.000271
10 1.000000 6.383024 0.000298
11 1.000000 6.383019 0.000325
12 1.000000 6.383014 0.000352
13 1.000000 6.383010 0.000379
14 1.000000 6.383005 0.000406
15 1.000000 6.383000 0.000433
16 1.000000 6.382995 0.000460
17 1.000000 6.382991 0.000487
18 1.000000 6.382986 0.000514
19 1.000000 6.382981 0.000541
20 1.000000 6.382976 0.000568
21 1.000000 6.382971 0.000595
22 1.000000 6.382967 0.000622
23 1.000000 6.382962 0.000649
24 1.000000 6.382957 0.000676
25 1.000000 6.382952 0.000703
26 1.000000 6.382948 0.000730
27 1.000000 6.382943 0.000757
28 1.000000 6.382938 0.000784
29 1.000000 6.382933 0.000811
30 1.000000 6.382928 0.000838
31 1.000000 6.382924 0.000866
32 1.000000 6.382919 0.000893
33 1.000000 6.382914 0.000920
34 1.000000 6.382909 0.000947
35 1.000000 6.382905 0.000974
36 1.000000 6.382900 0.001001
37 1.000000 6.382895 0.001028
38 1.000000 6.382890 0.001055
39 1.000000 6.382886 0.001082
40 1.000000 6.382881 0.001109
41 1.000000 6.382876 0.001136
42 1.000000 6.382871 0.001163
43 1.000000 6.382866 0.001190
44 1.000000 6.382862 0.001217
45 1.000000 6.382857 0.001244
46 1.000000 6.382852 0.001271
47 1.000000 6.382847 0.001298
48 1.000000 6.382843 0.001325
49 1.000000 6.382838 0.001352
50 1.000000 6.382833 0.001379
51 1.000000 6.382828 0.001406
52 1.000000 6.382824 0.001433
53 1.000000 6.382819 0.001460
54 1.000000 6.382814 0.001487
55 1.000000 6.382809 0.001514
56 1.000000 6.382805 0.001541
57 1.000000 6.382800 0.001568
58 1.000000 6.382795 0.001595
59 1.000000 6.382790 0.001622
60 1.000000 6.382785 0.001649
61 1.000000 6.382781 0.001676
62 1.000000 6.382776 0.001703
63 1.000000 6.382771 0.001730
