0 1.000000 6.383071 0.000028
1 1.000000 6.383066 0.000056
2 1.000000 6.383061 0.000084
3 1.000000 6.383056 0.000113
4 1.000000 6.383051 0.000141
5 1.000000 6.383046 0.000169
6 1.000000 6.383041 0.000197
7 1.000000 6.383036 0.000225
8 1.000000 6.383031 0.000253
9 1.000000 6.383026 0.000281
10 1.000000 6.383021 0.000310
11 1.000000 6.383016 0.000338
12 1.000000 6.383011 0.000366
13 1.000000 6.383006 0.000394
14 1.000000 6.383001 0.000422
15 1.000000 6.382996 0.000450
16 1.000000 6.382991 0.000478
17 1.000000 6.382986 0.000506
18 1.000000 6.382981 0.000535
19 1.000000 6.382976 0.000563
20 1.000000 6.382971 0.000591
21 1.000000 6.382966 0.000619
22 1.000000 6.382961 0.000647
23 1.000000 6.382956 0.000675
24 1.000000 6.382951 0.000703
25 1.000000 6.382946 0.000731
26 1.000000 6.382941 0.000759
27 1.000000 6.382936 0.000788
28 1.000000 6.382931 0.000816
29 1.000000 6.382926 0.000844
30 1.000000 6.382921 0.000872
31 1.000000 6.382916 0.000900
32 1.000000 6.382911 0.000928
33 1.000000 6.382906 0.000956
34 1.000000 6.382901 0.000984
35 1.000000 6.382896 0.001012
36 1.000000 6.382891 0.001040
37 1.000000 6.382886 0.001068
38 1.000000 6.382881 0.001097
39 1.000000 6.382876 0.001125
40 1.000000 6.382871 0.001153
41 1.000000 6.382866 0.001181
42 1.000000 6.382861 0.001209
43 1.000000 6.382857 0.001237
44 1.000000 6.382852 0.001265
45 1.000000 6.382847 0.001293
46 1.000000 6.382842 0.001321
47 1.000000 6.382837 0.001349
48 1.000000 6.382832 0.001377
49 1.000000 6.382827 0.001405
50 1.000000 6.382822 0.001433
51 1.000000 6.382817 0.001462
52 1.000000 6.382812 0.001490
53 1.000000 6.382807 0.001518
54 1.000000 6.382802 0.001546
55 1.000000 6.382797 0.001574
56 1.000000 6.382792 0.001602
57 1.000000 6.382787 0.001630
58 1.000000 6.382782 0.001658
59 1.000000 6.382777 0.001686
60 1.000000 6.382772 0.001714
61 1.000000 6.382767 0.001742
62 1.000000 6.382762 0.001770
63 1.000000 6.382757 0.001798
64 1.000000 6.382752 0.001826
65 1.000000 6.382747 0.001854
66 1.000000 6.382742 0.001882
67 1.000000 6.382737 0.001910
68 1.000000 6.382732 0.001938
69 1.000000 6.382727 0.001966
70 1.000000 6.382722 0.001995
71 1.000000 6.382717 0.002023
72 1.000000 6.382712 0.002051
73 1.000000 6.382707 0.002079
74 1.000000 6.382702 0.002107
75 1.000000 6.382697 0.002135
76 1.000000 6.382692 0.002163
77 1.000000 6.382687 0.002191
78 1.000000 6.382682 0.002219
79 1.000000 6.382677 0.002247
80 1.000000 6.382672 0.002275
81 1.000000 6.382667 0.002303
82 1.000000 6.382662 0.002331
83 1.000000 6.382657 0.002359
84 1.000000 6.382652 0.002387
85 1.000000 6.382647 0.002415
86 1.000000 6.382642 0.002443
87 1.000000 6.382637 0.002471
88 1.000000 6.382632 0.002499
89 1.000000 6.382627 0.002527
90 1.000000 6.382622 0.002555
91 1.000000 6.382617 0.002583
92 1.000000 6.382612 0.002611
93 1.000000 6.382607 0.002639
94 1.000000 6.382602 0.002667
95 1.000000 6.382597 0.002695
96 1.000000 6.382592 0.002723
97 1.000000 6.382587 0.002751
98 1.000000 6.382582 0.002779
99 1.000000 6.382577 0.002807
100 1.000000 6.382572 0.002835
101 1.000000 6.382567 0.002863
102 1.000000 6.382562 0.002891
103 1.000000 6.382557 0.002919
104 1.000000 6.382552 0.002947
105 1.000000 6.382547 0.002975
106 1.000000 6.382542 0.003003
107 1.000000 6.382537 0.003031
108 1.000000 6.382532 0.003059
109 1.000000 6.382527 0.003087
110 1.000000 6.382522 0.003115
111 1.000000 6.382517 0.003143
112 1.000000 6.382512 0.003171
113 1.000000 6.382507 0.003199
114 1.000000 6.382502 0.003227
115 1.000000 6.382497 0.003255
116 1.000000 6.382492 0.003283
117 1.000000 6.382487 0.003311
118 1.000000 6.382482 0.003339
119 1.000000 6.382477 0.003366
120 1.000000 6.382472 0.003394
121 1.000000 6.382467 0.003422
122 1.000000 6.382462 0.003450
123 1.000000 6.382457 0.003478
124 1.000000 6.382452 0.003506
125 1.000000 6.382447 0.003534
126 1.000000 6.382442 0.003562
127 1.000000 6.382437 0.003590
128 1.000000 6.382432 0.003618
129 1.000000 6.382428 0.003646
130 1.000000 6.382423 0.003674
131 1.000000 6.382418 0.003702
132 1.000000 6.382413 0.003730
133 1.000000 6.382408 0.003758
134 1.000000 6.382403 0.003786
135 1.000000 6.382398 0.003814
136 1.000000 6.382393 0.003842
137 1.000000 6.382388 0.003870
138 1.000000 6.382383 0.003897
139 1.000000 6.382378 0.003925
140 1.000000 6.382373 0.003953
141 1.000000 6.382368 0.003981
142 1.000000 6.382363 0.004009
143 1.000000 6.382358 0.004037
144 1.000000 6.382353 0.004065
145 1.000000 6.382348 0.004093
146 1.000000 6.382343 0.004121
147 1.000000 6.382338 0.004149
148 1.000000 6.382333 0.004177
149 1.000000 6.382328 0.004205
150 1.000000 6.382323 0.004233
151 1.000000 6.382318 0.004260
152 1.000000 6.382313 0.004288
153 1.000000 6.382308 0.004316
154 1.000000 6.382303 0.004344
155 1.000000 6.382298 0.004372
156 1.000000 6.382293 0.004400
157 1.000000 6.382288 0.004428
158 1.000000 6.382283 0.004456
159 1.000000 6.382278 0.004484
160 1.000000 6.382273 0.004512
161 1.000000 6.382268 0.004539
162 1.000000 6.382263 0.004567
163 1.000000 6.382258 0.004595
164 1.000000 6.382253 0.004623
165 1.000000 6.382248 0.004651
166 1.000000 6.382243 0.004679
167 1.000000 6.382238 0.004707
168 1.000000 6.382233 0.004735
169 1.000000 6.382228 0.004763
170 1.000000 6.382223 0.004791
171 1.000000 6.382218 0.004818
172 1.000000 6.382214 0.004846
173 1.000000 6.382209 0.004874
174 1.000000 6.382204 0.004902
175 1.000000 6.382199 0.004930
176 1.000000 6.382194 0.004958
177 1.000000 6.382189 0.004986
178 1.000000 6.382184 0.005014
179 1.000000 6.382179 0.005041
180 1.000000 6.382174 0.005069
181 1.000000 6.382169 0.005097
182 1.000000 6.382164 0.005125
183 1.000000 6.382159 0.005153
184 1.000000 6.382154 0.005181
185 1.000000 6.382149 0.005209
186 1.000000 6.382144 0.005236
187 1.000000 6.382139 0.005264
188 1.000000 6.382134 0.005292
189 1.000000 6.382129 0.005320
190 1.000000 6.382124 0.005348
191 1.000000 6.382119 0.005376
192 1.000000 6.382114 0.005404
193 1.000000 6.382109 0.005431
194 1.000000 6.382104 0.005459
195 1.000000 6.382099 0.005487
196 1.000000 6.382094 0.005515
197 1.000000 6.382089 0.005543
198 1.000000 6.382084 0.005571
199 1.000000 6.382079 0.005598
200 1.000000 6.382074 0.005626
201 1.000000 6.382069 0.005654
202 1.000000 6.382064 0.005682
203 1.000000 6.382059 0.005710
204 1.000000 6.382054 0.005738
205 1.000000 6.382049 0.005765
206 1.000000 6.382045 0.005793
207 1.000000 6.382040 0.005821
208 1.000000 6.382035 0.005849
209 1.000000 6.382030 0.005877
210 1.000000 6.382025 0.005905
211 1.000000 6.382020 0.005932
212 1.000000 6.382015 0.005960
213 1.000000 6.382010 0.005988
214 1.000000 6.382005 0.006016
215 1.000000 6.382000 0.006044
216 1.000000 6.381995 0.006071
217 1.000000 6.381990 0.006099
218 1.000000 6.381985 0.006127
219 1.000000 6.381980 0.006155
220 1.000000 6.381975 0.006183
221 1.000000 6.381970 0.006211
222 1.000000 6.381965 0.006238
223 1.000000 6.381960 0.006266
224 1.000000 6.381955 0.006294
225 1.000000 6.381950 0.006322
226 1.000000 6.381945 0.006350
227 1.000000 6.381940 0.006377
228 1.000000 6.381935 0.006405
229 1.000000 6.381930 0.006433
230 1.000000 6.381925 0.006461
231 1.000000 6.381920 0.006489
232 1.000000 6.381915 0.006516
233 1.000000 6.381910 0.006544
234 1.000000 6.381905 0.006572
235 1.000000 6.381901 0.006600
236 1.000000 6.381896 0.006627
237 1.000000 6.381891 0.006655
238 1.000000 6.381886 0.006683
239 1.000000 6.381881 0.006711
240 1.000000 6.381876 0.006739
241 1.000000 6.381871 0.006766
242 1.000000 6.381866 0.006794
243 1.000000 6.381861 0.006822
244 1.000000 6.381856 0.006850
245 1.000000 6.381851 0.006877
246 1.000000 6.381846 0.006905
247 1.000000 6.381841 0.006933
248 1.000000 6.381836 0.006961
249 1.000000 6.381831 0.006988
250 1.000000 6.381826 0.007016
251 1.000000 6.381821 0.007044
252 1.000000 6.381816 0.007072
253 1.000000 6.381811 0.007100
254 1.000000 6.381806 0.007127
255 1.000000 6.381801 0.007155
