0 -0.001071 0.000000
1 0.000725 0.000000
2 0.000097 0.000000
3 -0.000395 0.000000
4 0.000356 0.000000
5 -0.000695 0.000000
6 0.000803 0.000000
7 -0.000397 0.000000
8 0.000098 0.000000
9 0.000147 0.000000
10 -0.000412 0.000000
11 0.000488 0.000000
12 -0.000391 0.000000
13 0.000181 0.000000
14 0.000065 0.000000
15 -0.000256 0.000000
16 0.000323 0.000000
17 -0.000248 0.000000
18 0.000076 0.000000
19 0.000110 0.000000
20 -0.000218 0.000000
21 0.000194 0.000000
22 -0.000045 0.000000
23 -0.000161 0.000000
24 0.000328 0.000000
25 -0.000382 0.000000
26 0.000310 0.000000
27 -0.000176 0.000000
28 0.000086 0.000000
29 -0.000140 0.000000
30 0.000392 0.000000
31 -0.000762 0.000000
32 0.000942 0.000000
33 -0.000723 0.000000
34 0.000888 0.000000
35 -0.002192 0.000000
36 0.000931 0.000000
37 0.006373 0.000000
38 -0.000111 0.000000
39 -0.031229 0.000000
40 0.000095 0.000002
41 0.138525 0.000086
42 0.139475 0.002228
43 -0.282853 0.034853
44 -0.328018 0.330672
45 2.104769 1.902885
46 7.944848 6.641720
47 14.399026 14.060521
48 16.768798 18.054067
49 13.394303 14.060521
50 7.234914 6.641720
51 2.362553 1.902885
52 0.249666 0.330672
53 -0.102769 0.034853
54 -0.012991 0.002228
55 0.015512 0.000086
56 0.002439 0.000002
57 -0.003617 0.000000
58 0.001163 0.000000
59 -0.000526 0.000000
60 0.000509 0.000000
61 -0.000225 0.000000
62 -0.000226 0.000000
63 0.000634 0.000000
