0 1.000000 6.367261 0.027185
1 1.000000 6.352446 0.052072
2 1.000000 6.338476 0.075035
3 1.000000 6.325231 0.096391
4 1.000000 6.312615 0.116391
5 1.000000 6.300555 0.135230
6 1.000000 6.288988 0.153060
7 1.000000 6.277865 0.170002
8 1.000000 6.267143 0.186154
9 1.000000 6.256785 0.201597
10 1.000000 6.246763 0.216401
11 1.000000 6.237049 0.230625
12 1.000000 6.227619 0.244319
13 1.000000 6.218455 0.257525
14 1.000000 6.209537 0.270284
15 1.000000 6.200850 0.282629
16 1.000000 6.192379 0.294586
17 1.000000 6.184113 0.306183
18 1.000000 6.176038 0.317445
19 1.000000 6.168144 0.328396
20 1.000000 6.160422 0.339049
21 1.000000 6.152863 0.349424
22 1.000000 6.145460 0.359535
23 1.000000 6.138203 0.369398
24 1.000000 6.131087 0.379028
25 1.000000 6.124105 0.388433
26 1.000000 6.117252 0.397627
27 1.000000 6.110522 0.406619
28 1.000000 6.103909 0.415418
29 1.000000 6.097409 0.424034
30 1.000000 6.091018 0.432474
31 1.000000 6.084732 0.440746
32 1.000000 6.078545 0.448857
33 1.000000 6.072456 0.456815
34 1.000000 6.066460 0.464624
35 1.000000 6.060554 0.472291
36 1.000000 6.054735 0.479821
37 1.000000 6.049000 0.487219
38 1.000000 6.043347 0.494491
39 1.000000 6.037772 0.501640
40 1.000000 6.032273 0.508671
41 1.000000 6.026848 0.515589
42 1.000000 6.021495 0.522396
43 1.000000 6.016211 0.529096
44 1.000000 6.010995 0.535694
45 1.000000 6.005844 0.542192
46 1.000000 6.000757 0.548594
47 1.000000 5.995732 0.554901
48 1.000000 5.990767 0.561119
49 1.000000 5.985861 0.567248
50 1.000000 5.981011 0.573291
51 1.000000 5.976217 0.579252
52 1.000000 5.971478 0.585132
53 1.000000 5.966791 0.590933
54 1.000000 5.962156 0.596658
55 1.000000 5.957571 0.602309
56 1.000000 5.953034 0.607888
57 1.000000 5.948546 0.613396
58 1.000000 5.944105 0.618836
59 1.000000 5.939709 0.624209
60 1.000000 5.935357 0.629517
61 1.000000 5.931050 0.634761
62 1.000000 5.926785 0.639944
63 1.000000 5.922561 0.645066
