0 0.000076 0.000000
1 0.000030 0.000000
2 -0.000116 0.000000
3 0.000178 0.000000
4 -0.000237 0.000000
5 0.000282 0.000000
6 -0.000226 0.000000
7 0.000133 0.000000
8 -0.000256 0.000000
9 0.000291 0.000000
10 0.000399 0.000000
11 -0.000525 0.000000
12 -0.001153 0.000000
13 0.000037 0.000000
14 0.004558 0.000000
15 0.001307 0.000000
16 -0.009348 0.000000
17 -0.013438 0.000000
18 0.016397 0.000000
19 0.046564 0.000000
20 0.005451 0.000000
21 -0.114216 0.000000
22 -0.130509 0.000000
23 0.130911 0.000000
24 0.481493 0.000002
25 0.332265 0.000086
26 -0.585056 0.002228
27 -1.407836 0.034853
28 -0.379900 0.330672
29 3.573692 1.902885
30 9.376752 6.641720
31 14.137654 14.060521
32 15.264561 18.054067
33 12.422179 14.060521
34 7.548054 6.641720
35 3.148076 1.902885
36 0.595576 0.330672
37 -0.237383 0.034853
38 -0.211099 0.002228
39 -0.036763 0.000086
40 0.028911 0.000002
41 0.017196 0.000000
42 -0.001401 0.000000
43 -0.003440 0.000000
44 -0.001044 0.000000
45 0.001102 0.000000
46 -0.000182 0.000000
47 0.000305 0.000000
48 -0.000423 0.000000
49 0.000292 0.000000
50 -0.000159 0.000000
51 0.000053 0.000000
52 0.000070 0.000000
53 -0.000201 0.000000
54 0.000320 0.000000
55 -0.000419 0.000000
56 0.000493 0.000000
57 -0.000536 0.000000
58 0.000546 0.000000
59 -0.000523 0.000000
60 0.000469 0.000000
61 -0.000390 0.000000
62 0.000293 0.000000
63 -0.000186 0.000000
