0 1.000000 6.371117 0.011761
1 1.000000 6.359396 0.023199
2 1.000000 6.347901 0.034335
3 1.000000 6.336622 0.045185
4 1.000000 6.325549 0.055767
5 1.000000 6.314672 0.066095
6 1.000000 6.303982 0.076181
7 1.000000 6.293473 0.086039
8 1.000000 6.283136 0.095680
9 1.000000 6.272965 0.105114
10 1.000000 6.262953 0.114350
11 1.000000 6.253094 0.123399
12 1.000000 6.243384 0.132267
13 1.000000 6.233816 0.140963
14 1.000000 6.224386 0.149494
15 1.000000 6.215088 0.157866
16 1.000000 6.205920 0.166086
17 1.000000 6.196876 0.174161
18 1.000000 6.187953 0.182094
19 1.000000 6.179146 0.189892
20 1.000000 6.170453 0.197559
21 1.000000 6.161870 0.205101
22 1.000000 6.153394 0.212521
23 1.000000 6.145021 0.219823
24 1.000000 6.136750 0.227013
25 1.000000 6.128576 0.234092
26 1.000000 6.120498 0.241065
27 1.000000 6.112513 0.247935
28 1.000000 6.104619 0.254706
29 1.000000 6.096813 0.261380
30 1.000000 6.089092 0.267960
31 1.000000 6.081456 0.274449
