0 1.000000 6.371117 0.011761
1 1.000000 6.359396 0.023199
2 1.000000 6.347901 0.034335
3 1.000000 6.336622 0.045185
4 1.000000 6.325549 0.055767
5 1.000000 6.314672 0.066095
6 1.000000 6.303982 0.076181
7 1.000000 6.293473 0.086039
8 1.000000 6.283136 0.095680
9 1.000000 6.272965 0.105114
10 1.000000 6.262953 0.114350
11 1.000000 6.253094 0.123399
12 1.000000 6.243384 0.132267
13 1.000000 6.233816 0.140963
14 1.000000 6.224386 0.149494
15 1.000000 6.215088 0.157866
16 1.000000 6.205920 0.166086
17 1.000000 6.196876 0.174161
18 1.000000 6.187953 0.182094
19 1.000000 6.179146 0.189892
20 1.000000 6.170453 0.197559
21 1.000000 6.161870 0.205101
22 1.000000 6.153394 0.212521
23 1.000000 6.145021 0.219823
24 1.000000 6.136750 0.227013
25 1.000000 6.128576 0.234092
26 1.000000 6.120498 0.241065
27 1.000000 6.112513 0.247935
28 1.000000 6.104619 0.254706
29 1.000000 6.096813 0.261380
30 1.000000 6.089092 0.267960
31 1.000000 6.081456 0.274449
32 1.000000 6.073902 0.280849
33 1.000000 6.066427 0.287164
34 1.000000 6.059031 0.293395
35 1.000000 6.051710 0.299545
36 1.000000 6.044465 0.305616
37 1.000000 6.037292 0.311610
38 1.000000 6.030190 0.317529
39 1.000000 6.023158 0.323375
40 1.000000 6.016193 0.329150
41 1.000000 6.009296 0.334856
42 1.000000 6.002464 0.340494
43 1.000000 5.995696 0.346066
44 1.000000 5.988990 0.351574
45 1.000000 5.982346 0.357019
46 1.000000 5.975761 0.362402
47 1.000000 5.969236 0.367726
48 1.000000 5.962768 0.372991
49 1.000000 5.956358 0.378198
50 1.000000 5.950002 0.383350
51 1.000000 5.943701 0.388447
52 1.000000 5.937454 0.393490
53 1.000000 5.931259 0.398481
54 1.000000 5.925116 0.403421
55 1.000000 5.919024 0.408310
56 1.000000 5.912981 0.413150
57 1.000000 5.906987 0.417942
58 1.000000 5.901041 0.422686
59 1.000000 5.895143 0.427385
60 1.000000 5.889290 0.432038
61 1.000000 5.883484 0.436646
62 1.000000 5.877722 0.441211
63 1.000000 5.872004 0.445733
64 1.000000 5.866330 0.450214
65 1.000000 5.860698 0.454653
66 1.000000 5.855109 0.459051
67 1.000000 5.849560 0.463410
68 1.000000 5.844053 0.467730
69 1.000000 5.838585 0.472012
70 1.000000 5.833157 0.476256
71 1.000000 5.827768 0.480463
72 1.000000 5.822416 0.484634
73 1.000000 5.817103 0.488769
74 1.000000 5.811827 0.492869
75 1.000000 5.806587 0.496935
76 1.000000 5.801383 0.500967
77 1.000000 5.796215 0.504966
78 1.000000 5.791081 0.508932
79 1.000000 5.785982 0.512865
80 1.000000 5.780918 0.516767
81 1.000000 5.775886 0.520638
82 1.000000 5.770888 0.524479
83 1.000000 5.765922 0.528289
84 1.000000 5.760988 0.532069
85 1.000000 5.756086 0.535820
86 1.000000 5.751216 0.539543
87 1.000000 5.746376 0.543237
88 1.000000 5.741567 0.546903
89 1.000000 5.736787 0.550541
90 1.000000 5.732038 0.554153
91 1.000000 5.727317 0.557737
92 1.000000 5.722626 0.561296
93 1.000000 5.717963 0.564829
94 1.000000 5.713328 0.568336
95 1.000000 5.708721 0.571817
96 1.000000 5.704141 0.575275
97 1.000000 5.699589 0.578707
98 1.000000 5.695063 0.582116
99 1.000000 5.690564 0.585500
100 1.000000 5.686091 0.588862
101 1.000000 5.681643 0.592200
102 1.000000 5.677221 0.595515
103 1.000000 5.672825 0.598808
104 1.000000 5.668453 0.602078
105 1.000000 5.664106 0.605327
106 1.000000 5.659783 0.608554
107 1.000000 5.655484 0.611760
108 1.000000 5.651209 0.614945
109 1.000000 5.646958 0.618109
110 1.000000 5.642729 0.621252
111 1.000000 5.638524 0.624375
112 1.000000 5.634341 0.627478
113 1.000000 5.630181 0.630562
114 1.000000 5.626043 0.633626
115 1.000000 5.621927 0.636670
116 1.000000 5.617833 0.639696
117 1.000000 5.613760 0.642703
118 1.000000 5.609708 0.645691
119 1.000000 5.605678 0.648661
120 1.000000 5.601668 0.651613
121 1.000000 5.597679 0.654547
122 1.000000 5.593710 0.657463
123 1.000000 5.589761 0.660362
124 1.000000 5.585832 0.663244
125 1.000000 5.581923 0.666109
126 1.000000 5.578033 0.668956
127 1.000000 5.574163 0.671787
