0 0.000035 0.000000
1 0.000065 0.000000
2 0.000037 0.000000
3 -0.000091 0.000000
4 -0.000273 0.000000
5 -0.000319 0.000000
6 0.000024 0.000000
7 0.000830 0.000000
8 0.001665 0.000000
9 0.001498 0.000000
10 -0.000801 0.000000
11 -0.005295 0.000000
12 -0.009658 0.000000
13 -0.008883 0.000000
14 0.002697 0.000000
15 0.026727 0.000000
16 0.055046 0.000002
17 0.066503 0.000014
18 0.030922 0.000086
19 -0.076964 0.000467
20 -0.255221 0.002228
21 -0.451468 0.009380
22 -0.550204 0.034853
23 -0.381879 0.114277
24 0.241313 0.330672
25 1.468427 0.844400
26 3.347801 1.902885
27 5.782216 3.784338
28 8.520845 6.641720
29 11.196701 10.286897
30 13.402717 14.060521
31 14.785460 16.960226
32 15.128511 18.054067
33 14.400657 16.960226
34 12.755800 14.060521
35 10.487329 10.286897
36 7.953357 6.641720
37 5.496297 3.784338
38 3.378716 1.902885
39 1.749291 0.844400
40 0.641572 0.330672
41 -0.001499 0.114277
42 -0.289805 0.034853
43 -0.347990 0.009380
44 -0.286502 0.002228
45 -0.185900 0.000467
46 -0.093650 0.000086
47 -0.029576 0.000014
48 0.004795 0.000002
49 0.016934 0.000000
50 0.016393 0.000000
51 0.010944 0.000000
52 0.005293 0.000000
53 0.001408 0.000000
54 -0.000503 0.000000
55 -0.001017 0.000000
56 -0.000834 0.000000
57 -0.000463 0.000000
58 -0.000160 0.000000
59 0.000005 0.000000
60 0.000059 0.000000
61 0.000054 0.000000
62 0.000031 0.000000
63 0.000010 0.000000
64 -0.000000 0.000000
65 -0.000004 0.000000
66 -0.000003 0.000000
67 -0.000002 0.000000
68 -0.000000 0.000000
69 0.000000 0.000000
70 0.000000 0.000000
71 0.000000 0.000000
72 0.000000 0.000000
73 0.000000 0.000000
74 -0.000000 0.000000
75 -0.000000 0.000000
76 -0.000000 0.000000
77 -0.000000 0.000000
78 0.000000 0.000000
79 0.000000 0.000000
80 0.000000 0.000000
81 0.000000 0.000000
82 -0.000000 0.000000
83 -0.000000 0.000000
84 -0.000000 0.000000
85 -0.000000 0.000000
86 -0.000000 0.000000
87 0.000000 0.000000
88 0.000000 0.000000
89 0.000000 0.000000
90 0.000000 0.000000
91 -0.000000 0.000000
92 -0.000000 0.000000
93 -0.000000 0.000000
94 0.000000 0.000000
95 0.000000 0.000000
96 -0.000000 0.000000
97 -0.000000 0.000000
98 -0.000000 0.000000
99 0.000000 0.000000
100 0.000000 0.000000
101 -0.000000 0.000000
102 -0.000000 0.000000
103 -0.000000 0.000000
104 0.000000 0.000000
105 0.000000 0.000000
106 0.000000 0.000000
107 -0.000000 0.000000
108 -0.000000 0.000000
109 0.000000 0.000000
110 0.000000 0.000000
111 0.000000 0.000000
112 -0.000000 0.000000
113 -0.000000 0.000000
114 -0.000000 0.000000
115 0.000000 0.000000
116 0.000000 0.000000
117 0.000000 0.000000
118 -0.000000 0.000000
119 -0.000001 0.000000
120 -0.000001 0.000000
121 0.000001 0.000000
122 0.000002 0.000000
123 0.000003 0.000000
124 -0.000002 0.000000
125 -0.000010 0.000000
126 -0.000013 0.000000
127 0.000000 0.000000
