0 1.000000 6.294789 0.009949
1 1.000000 6.210599 0.018661
2 1.000000 6.130161 0.026313
3 1.000000 6.053175 0.033050
4 1.000000 5.979375 0.038994
5 1.000000 5.908526 0.044246
6 1.000000 5.840416 0.048894
7 1.000000 5.774859 0.053011
8 1.000000 5.711685 0.056661
9 1.000000 5.650741 0.059897
10 1.000000 5.591889 0.062767
11 1.000000 5.535002 0.065310
12 1.000000 5.479966 0.067564
13 1.000000 5.426675 0.069558
14 1.000000 5.375033 0.071320
15 1.000000 5.324951 0.072873
16 1.000000 5.276346 0.074240
17 1.000000 5.229144 0.075438
18 1.000000 5.183274 0.076484
19 1.000000 5.138672 0.077393
20 1.000000 5.095275 0.078178
21 1.000000 5.053029 0.078851
22 1.000000 5.011881 0.079423
23 1.000000 4.971780 0.079902
24 1.000000 4.932683 0.080298
25 1.000000 4.894545 0.080618
26 1.000000 4.857326 0.080869
27 1.000000 4.820988 0.081057
28 1.000000 4.785495 0.081188
29 1.000000 4.750814 0.081267
30 1.000000 4.716913 0.081299
31 1.000000 4.683761 0.081287
32 1.000000 4.651331 0.081236
33 1.000000 4.619596 0.081150
34 1.000000 4.588530 0.081031
35 1.000000 4.558109 0.080882
36 1.000000 4.528311 0.080706
37 1.000000 4.499114 0.080506
38 1.000000 4.470496 0.080283
39 1.000000 4.442439 0.080040
40 1.000000 4.414924 0.079778
41 1.000000 4.387933 0.079500
42 1.000000 4.361449 0.079206
43 1.000000 4.335456 0.078899
44 1.000000 4.309939 0.078579
45 1.000000 4.284882 0.078249
46 1.000000 4.260272 0.077908
47 1.000000 4.236094 0.077558
48 1.000000 4.212338 0.077200
49 1.000000 4.188989 0.076834
50 1.000000 4.166036 0.076463
51 1.000000 4.143467 0.076085
52 1.000000 4.121273 0.075703
53 1.000000 4.099441 0.075316
54 1.000000 4.077963 0.074926
55 1.000000 4.056829 0.074532
56 1.000000 4.036028 0.074136
57 1.000000 4.015553 0.073737
58 1.000000 3.995395 0.073337
59 1.000000 3.975545 0.072935
60 1.000000 3.955996 0.072532
61 1.000000 3.936740 0.072129
62 1.000000 3.917769 0.071724
63 1.000000 3.899076 0.071320
