0 0.000000 0.000000
1 0.000000 0.000000
2 0.000000 0.000000
3 0.000000 0.000000
4 -0.000000 0.000000
5 -0.000000 0.000000
6 -0.000000 0.000000
7 0.000000 0.000000
8 0.000000 0.000000
9 0.000000 0.000000
10 0.000000 0.000000
11 -0.000000 0.000000
12 -0.000000 0.000000
13 -0.000000 0.000000
14 -0.000000 0.000000
15 0.000000 0.000000
16 0.000000 0.000000
17 0.000000 0.000000
18 0.000000 0.000000
19 0.000000 0.000000
20 -0.000000 0.000000
21 -0.000000 0.000000
22 -0.000000 0.000000
23 -0.000000 0.000000
24 0.000000 0.000000
25 0.000001 0.000000
26 0.000003 0.000000
27 0.000003 0.000000
28 0.000001 0.000000
29 -0.000006 0.000000
30 -0.000019 0.000000
31 -0.000033 0.000001
32 -0.000038 0.000002
33 -0.000012 0.000005
34 0.000070 0.000014
35 0.000227 0.000035
36 0.000438 0.000086
37 0.000605 0.000204
38 0.000505 0.000467
39 -0.000222 0.001036
40 -0.002022 0.002228
41 -0.005230 0.004644
42 -0.009675 0.009380
43 -0.014010 0.018366
44 -0.014759 0.034853
45 -0.005132 0.064104
46 0.026257 0.114277
47 0.096506 0.197453
48 0.229058 0.330672
49 0.453453 0.536733
50 0.803882 0.844400
51 1.316337 1.287556
52 2.024372 1.902885
53 2.953798 2.725756
54 4.116932 3.784338
55 5.507255 5.092383
56 7.095477 6.641720
57 8.827941 8.395921
58 10.628041 10.286897
59 12.400929 12.215993
60 14.041228 14.060521
61 15.442936 15.685645
62 16.510290 16.960226
63 17.168072 17.774164
64 17.369898 18.054067
65 17.103262 17.774164
66 16.390632 16.960226
67 15.286488 15.685645
68 13.870811 14.060521
69 12.240058 12.215993
70 10.496950 10.286897
71 8.740507 8.395921
72 7.057565 6.641720
73 5.516679 5.092383
74 4.164878 3.784338
75 3.027239 2.725756
76 2.108874 1.902885
77 1.398660 1.287556
78 0.873894 0.844400
79 0.505124 0.536733
80 0.260515 0.330672
81 0.109333 0.197453
82 0.024348 0.114277
83 -0.016839 0.064104
84 -0.031397 0.034853
85 -0.031567 0.018366
86 -0.025386 0.009380
87 -0.017621 0.004644
88 -0.010703 0.002228
89 -0.005550 0.001036
90 -0.002221 0.000467
91 -0.000371 0.000204
92 0.000457 0.000086
93 0.000678 0.000035
94 0.000600 0.000014
95 0.000421 0.000005
96 0.000245 0.000002
97 0.000114 0.000001
98 0.000033 0.000000
99 -0.000006 0.000000
100 -0.000019 0.000000
101 -0.000019 0.000000
102 -0.000013 0.000000
103 -0.000008 0.000000
104 -0.000003 0.000000
105 -0.000001 0.000000
106 0.000000 0.000000
107 0.000001 0.000000
108 0.000001 0.000000
109 0.000000 0.000000
110 0.000000 0.000000
111 0.000000 0.000000
112 -0.000000 0.000000
113 -0.000000 0.000000
114 -0.000000 0.000000
115 -0.000000 0.000000
116 -0.000000 0.000000
117 -0.000000 0.000000
118 0.000000 0.000000
119 0.000000 0.000000
120 0.000000 0.000000
121 0.000000 0.000000
122 0.000000 0.000000
123 0.000000 0.000000
124 -0.000000 0.000000
125 -0.000000 0.000000
126 -0.000000 0.000000
127 -0.000000 0.000000
128 -0.000000 0.000000
129 0.000000 0.000000
130 0.000000 0.000000
131 0.000000 0.000000
132 0.000000 0.000000
133 0.000000 0.000000
134 -0.000000 0.000000
135 -0.000000 0.000000
136 -0.000000 0.000000
137 -0.000000 0.000000
138 -0.000000 0.000000
139 0.000000 0.000000
140 0.000000 0.000000
141 0.000000 0.000000
142 0.000000 0.000000
143 0.000000 0.000000
144 -0.000000 0.000000
145 -0.000000 0.000000
146 -0.000000 0.000000
147 -0.000000 0.000000
148 -0.000000 0.000000
149 0.000000 0.000000
150 0.000000 0.000000
151 0.000000 0.000000
152 0.000000 0.000000
153 0.000000 0.000000
154 -0.000000 0.000000
155 -0.000000 0.000000
156 -0.000000 0.000000
157 -0.000000 0.000000
158 -0.000000 0.000000
159 0.000000 0.000000
160 0.000000 0.000000
161 0.000000 0.000000
162 0.000000 0.000000
163 -0.000000 0.000000
164 -0.000000 0.000000
165 -0.000000 0.000000
166 -0.000000 0.000000
167 -0.000000 0.000000
168 0.000000 0.000000
169 0.000000 0.000000
170 0.000000 0.000000
171 0.000000 0.000000
172 -0.000000 0.000000
173 -0.000000 0.000000
174 -0.000000 0.000000
175 -0.000000 0.000000
176 -0.000000 0.000000
177 0.000000 0.000000
178 0.000000 0.000000
179 0.000000 0.000000
180 0.000000 0.000000
181 -0.000000 0.000000
182 -0.000000 0.000000
183 -0.000000 0.000000
184 -0.000000 0.000000
185 0.000000 0.000000
186 0.000000 0.000000
187 0.000000 0.000000
188 0.000000 0.000000
189 -0.000000 0.000000
190 -0.000000 0.000000
191 0.000000 0.000000
192 -0.000000 0.000000
193 -0.000000 0.000000
194 -0.000000 0.000000
195 0.000000 0.000000
196 0.000000 0.000000
197 -0.000000 0.000000
198 -0.000000 0.000000
199 -0.000000 0.000000
200 0.000000 0.000000
201 0.000000 0.000000
202 0.000000 0.000000
203 -0.000000 0.000000
204 -0.000000 0.000000
205 -0.000000 0.000000
206 0.000000 0.000000
207 0.000000 0.000000
208 -0.000000 0.000000
209 -0.000000 0.000000
210 -0.000000 0.000000
211 0.000000 0.000000
212 0.000000 0.000000
213 0.000000 0.000000
214 -0.000000 0.000000
215 -0.000000 0.000000
216 -0.000000 0.000000
217 0.000000 0.000000
218 0.000000 0.000000
219 0.000000 0.000000
220 -0.000000 0.000000
221 -0.000000 0.000000
222 -0.000000 0.000000
223 0.000000 0.000000
224 0.000000 0.000000
225 0.000000 0.000000
226 -0.000000 0.000000
227 -0.000000 0.000000
228 -0.000000 0.000000
229 0.000000 0.000000
230 0.000000 0.000000
231 0.000000 0.000000
232 -0.000000 0.000000
233 -0.000000 0.000000
234 -0.000000 0.000000
235 0.000000 0.000000
236 0.000000 0.000000
237 0.000000 0.000000
238 0.000000 0.000000
239 -0.000000 0.000000
240 -0.000000 0.000000
241 -0.000000 0.000000
242 0.000000 0.000000
243 0.000000 0.000000
244 0.000000 0.000000
245 -0.000000 0.000000
246 -0.000000 0.000000
247 -0.000000 0.000000
248 -0.000000 0.000000
249 0.000000 0.000000
250 0.000000 0.000000
251 0.000000 0.000000
252 -0.000000 0.000000
253 -0.000000 0.000000
254 -0.000000 0.000000
255 -0.000000 0.000000
